SN2014J 0.000677 148.925904 69.674044
filter Unat
56685.02 12.550 0.013
56686.12 12.505 0.023
56692.91 12.648 0.026
56694.93 12.805 0.073
56696.91 12.907 0.020
56697.99 13.014 0.017
56698.93 13.104 0.058
56708.06 14.149 0.031
56712.19 14.632 0.036
56721.07 15.400 0.028
56728.12 15.719 0.036
56736.02 15.918 0.034
56742.01 15.888 0.098
56764.96 16.462 0.034
56772.96 16.578 0.038
56778.89 16.742 0.028
56800.90 17.309 0.042
56816.42 17.711 0.056
56835.45 18.158 0.052
filter Bnat
56685.02 12.059 0.018
56686.12 12.005 0.020
56688.23 11.889 0.027
56690.23 11.907 0.024
56692.91 11.954 0.019
56694.93 12.041 0.019
56696.91 12.141 0.019
56697.99 12.208 0.014
56698.93 12.284 0.018
56708.06 13.177 0.019
56712.19 13.513 0.024
56721.07 14.186 0.017
56728.12 14.660 0.025
56736.02 14.830 0.016
56742.01 14.843 0.041
56764.96 15.201 0.028
56772.96 15.288 0.018
56778.89 15.378 0.014
56787.88 15.521 0.020
56800.90 15.697 0.019
56816.42 15.943 0.024
56835.45 16.134 0.027
56906.72 17.157 0.111
56948.68 17.704 0.117
56972.24 18.170 0.036
56986.23 18.352 0.052
57035.67 19.054 0.144
filter Vnat
56685.02 10.966 0.018
56686.12 10.885 0.020
56688.23 10.727 0.027
56690.23 10.719 0.024
56692.91 10.704 0.019
56694.93 10.757 0.019
56696.91 10.812 0.019
56697.99 10.877 0.014
56698.93 10.907 0.018
56708.06 11.452 0.019
56712.19 11.580 0.024
56721.07 11.977 0.017
56728.12 12.479 0.025
56736.02 12.740 0.016
56742.01 12.885 0.041
56764.96 13.545 0.028
56772.96 13.729 0.018
56778.89 13.914 0.014
56787.88 14.121 0.020
56800.90 14.440 0.019
56816.42 14.779 0.024
56835.45 15.161 0.027
56906.72 16.336 0.111
56948.18 16.937 0.117
56972.24 17.367 0.036
56986.23 17.564 0.052
57035.67 18.209 0.145
filter Rnat
56685.02 10.341 0.009
56686.12 10.297 0.011
56688.23 10.175 0.023
56690.23 10.154 0.011
56692.91 10.234 0.022
56694.93 10.208 0.026
56696.91 10.250 0.023
56697.99 10.396 0.019
56698.93 10.473 0.029
56708.06 10.836 0.016
56712.19 10.908 0.029
56721.07 11.125 0.005
56728.12 11.670 0.014
56736.02 12.002 0.012
56742.01 12.177 0.031
56764.96 12.922 0.014
56772.96 13.134 0.011
56778.89 13.362 0.010
56800.90 13.949 0.009
56816.42 14.392 0.013
56835.45 14.817 0.019
56906.72 16.320 0.063
56948.18 16.933 0.082
56972.24 17.464 0.021
56986.23 17.599 0.041
57035.67 18.393 0.093
filter Inat
56685.02 10.008 0.009
56686.12 9.9285 0.011	
56688.23 9.9797 0.023
56690.23 9.9838 0.011
56692.91 10.078 0.022
56694.93 10.164 0.026
56696.91 10.217 0.023
56697.99 10.302 0.019
56698.93 10.356 0.029
56708.06 10.580 0.016
56712.19 10.432 0.029
56721.07 10.450 0.005
56728.12 10.927 0.014
56736.02 11.352 0.012
56742.01 11.562 0.031
56764.96 12.534 0.014
56772.96 12.834 0.011
56778.89 13.027 0.010
56800.90 13.737 0.009
56816.42 14.170 0.013
56835.45 14.572 0.019
56948.18 16.042 0.082	
56972.24 16.403 0.021
56986.23 16.489 0.041
57035.67 16.945 0.087	
57057.59 17.347 0.406
filter J
56679.77 9.94 0.06
56680.83 9.70 0.03
56681.79 9.61 0.04
56682.76 9.53 0.03
56683.75 9.45 0.03
56684.71 9.45 0.07
56685.74 9.40 0.07
56686.76 9.41 0.03
56687.78 9.46 0.04
56690.78 9.63 0.04
56691.78 9.69 0.03
56692.79 9.92 0.03
56694.78 9.92 0.03
56695.78 10.06 0.02
56696.74 10.12 0.03
56697.74 10.34 0.03
56699.75 10.68 0.02
56700.75 10.91 0.04
56703.84 11.13 0.03
56704.86 11.15 0.03
56705.87 11.25 0.04
56706.78 11.18 0.03
56707.83 11.21 0.03
56709.75 11.15 0.02
56717.73 10.64 0.03
56719.73 10.57 0.03
56729.71 11.10 0.03
56736.71 11.55 0.03
56741.71 12.05 0.04
56744.71 11.98 0.05
56746.73 12.20 0.05
56750.70 12.30 0.05
56751.70 12.51 0.05
56760.69 12.91 0.06
56763.96 13.57 0.07
56767.69 13.12 0.05
56768.69 13.16 0.05
56775.68 13.40 0.06
56796.89 14.65 0.02
filter H
56679.76 9.83 0.06
56680.85 9.70 0.03
56681.82 9.67 0.04
56682.79 9.57 0.03
56683.76 9.57 0.04
56684.72 9.48 0.08
56685.74 9.54 0.07
56686.77 9.59 0.03
56687.80 9.58 0.04
56690.78 9.73 0.05
56691.78 9.75 0.05
56692.79 9.72 0.05
56694.80 9.68 0.05
56695.80 9.77 0.04
56696.75 9.77 0.04
56697.77 9.82 0.04
56699.77 9.80 0.05
56700.99 9.85 0.04
56703.86 9.79 0.04
56704.87 9.76 0.04
56705.88 9.82 0.05
56706.78 9.74 0.04
56707.85 9.71 0.03
56709.76 9.68 0.03
56717.74 9.52 0.04
56719.74 9.56 0.04
56729.72 10.05 0.04
56736.72 10.30 0.04
56741.72 10.68 0.04
56744.72 10.50 0.05
56746.74 10.89 0.05
56750.71 10.70 0.04
56751.71 11.05 0.05
56760.70 11.45 0.04
56763.96 11.70 0.07
56767.70 11.55 0.04
56768.70 11.60 0.05
56775.69 11.97 0.05
56796.89 12.89 0.02
filter K
56679.86 9.80 0.08
56680.88 9.53 0.06
56681.85 9.48 0.07
56682.82 9.40 0.05
56683.77 9.36 0.05
56684.72 9.27 0.10
56685.75 9.27 0.09
56686.77 9.25 0.04
56687.80 9.25 0.06
56691.78 9.35 0.07
56692.79 9.41 0.08
56694.81 9.41 0.07
56695.81 9.44 0.06
56696.77 9.45 0.06
56697.79 9.52 0.05
56699.79 9.48 0.06
56700.77 9.52 0.08
56703.87 9.56 0.07
56704.87 9.58 0.06
56705.88 9.54 0.06
56706.78 9.55 0.05
56707.85 9.58 0.05
56709.77 9.54 0.04
56717.75 9.50 0.04
56719.75 9.55 0.04
56729.73 10.18 0.04
56736.73 10.35 0.04
56741.73 10.65 0.04
56744.73 10.65 0.04
56746.75 10.73 0.05
56750.72 10.98 0.05
56751.72 10.90 0.05
56760.72 11.35 0.05
56763.96 11.71 0.05
56767.71 11.45 0.05
56768.71 11.54 0.06
56775.71 11.65 0.06
56796.89 12.61 0.03
filter Us
56678.91 13.15 0.003
56681.80 12.59 0.003
56682.66 12.45 0.002
56683.70 12.38 0.010
56684.68 12.35 0.006
56686.70 12.32 0.022
56692.01 12.47 0.002
56692.69 12.49 0.011
56697.66 12.72 0.012
56700.61 12.92 0.037
56701.60 13.08 0.014
56702.67 13.12 0.020
56703.59 13.28 0.016
56710.93 14.17 0.050
56714.94 14.42 0.119
56716.93 14.11 0.029
56718.73 14.87 0.032
filter Bs
56678.89 12.95 0.010
56681.80 12.33 0.011
56682.67 12.24 0.011
56683.70 12.10 0.027
56684.68 12.05 0.005
56686.70 11.91 0.009
56687.70 11.87 0.013
56688.68 11.89 0.007
56692.02 11.92 0.003
56692.69 11.96 0.004
56696.96 12.16 0.005
56697.67 12.21 0.006
56700.61 12.48 0.011
56701.60 12.57 0.004
56702.67 12.68 0.006
56703.59 12.83 0.006
56710.93 13.51 0.011
56714.94 14.00 0.011
filter Vs
56678.89 11.77 0.071
56681.80 11.11 0.012
56682.67 10.98 0.005
56683.70 10.86 0.007
56684.68 10.81 0.004
56686.70 10.68 0.015
56687.70 10.62 0.011
56688.68 10.60 0.016
56692.02 10.58 0.021
56692.69 10.59 0.002
56696.96 10.73 0.006
56697.67 10.83 0.012
56700.62 10.88 0.026
56701.61 10.96 0.007
56702.67 11.05 0.014
56703.59 11.12 0.001
56710.93 11.40 0.006
56714.94 11.59 0.010
56716.94 11.68 0.005
56718.73 11.93 0.031
filter Rs
56678.90 11.02 0.027
56681.81 10.43 0.009
56682.67 10.32 0.011
56683.70 10.25 0.013
56684.69 10.20 0.013
56686.70 10.12 0.004
56687.71 10.08 0.001
56688.68 10.03 0.017
56692.02 10.07 0.004
56692.69 10.08 0.011
56696.97 10.22 0.024
56697.67 10.26 0.013
56700.62 10.50 0.017
56701.61 10.59 0.011
56702.67 10.60 0.018
56703.59 10.65 0.006
56710.93 10.81 0.123
56714.94 10.79 0.009
56716.94 10.84 0.008
56718.73 10.91 0.004
filter Is
56678.87 10.62 0.010
56681.81 10.02 0.003
56682.67 9.92 0.003
56683.70 9.90 0.022
56684.69 9.83 0.004
56686.72 9.83 0.003
56687.71 9.74 0.003
56688.68 9.83 0.006
56692.02 9.92 0.015
56692.70 9.94 0.009
56696.97 9.98 0.020
56697.67 10.11 0.012
56700.62 10.34 0.005
56701.61 10.36 0.008
56702.67 10.38 0.013
56703.60 10.39 0.007
56710.93 10.23 0.009
56714.94 10.19 0.015
56716.94 10.13 0.005
filter Bkait
56679.369 12.966 0.022
56680.366 12.695 0.012
56682.328 12.329 0.009
56683.374 12.209 0.008
56684.357 12.105 0.010
56689.393 11.888 0.011
56690.301 11.860 0.008
56700.431 12.408 0.019
56701.304 12.426 0.018
56702.293 12.513 0.019
56703.344 12.625 0.013
56705.331 12.850 0.010
56706.322 12.932 0.009
56708.267 13.105 0.011
56709.340 13.208 0.009
56710.291 13.280 0.022
56711.248 13.347 0.014
56712.256 13.442 0.016
56713.295 13.539 0.017
56714.260 13.607 0.036
56719.365 14.073 0.014
56721.273 14.181 0.015
56723.249 14.296 0.011
56724.248 14.335 0.013
56725.249 14.361 0.025
56727.252 14.341 0.027
56728.222 14.425 0.015
56729.271 14.527 0.014
56730.236 14.549 0.016
56731.272 14.596 0.017
56733.285 14.603 0.018
56735.279 14.680 0.016
56737.249 14.722 0.045
56739.286 14.727 0.013
56740.261 14.716 0.020
56741.243 14.768 0.015
56744.316 14.779 0.036
56753.275 14.976 0.017
56755.258 14.942 0.019
56757.254 14.973 0.018
56759.269 15.049 0.143
56761.290 15.044 0.018
56763.278 15.060 0.022
56765.254 15.074 0.018
56767.262 15.055 0.020
filter Vkait
56679.369 11.721 0.018
56680.367 11.482 0.013
56682.329 11.129 0.013
56683.375 11.000 0.012
56684.358 10.892 0.012
56689.394 10.621 0.017
56690.301 10.601 0.012
56700.428 10.975 0.037
56701.304 10.948 0.018
56702.293 10.996 0.024
56703.345 11.104 0.013
56705.332 11.228 0.014
56706.323 11.280 0.012
56708.266 11.330 0.012
56709.341 11.390 0.012
56710.292 11.412 0.026
56711.248 11.430 0.016
56712.257 11.469 0.025
56713.296 11.517 0.022
56714.261 11.565 0.021
56719.366 11.848 0.014
56721.270 11.954 0.017
56723.250 12.064 0.009
56724.248 12.122 0.011
56725.250 12.146 0.018
56726.298 12.189 0.139
56727.251 12.227 0.008
56728.223 12.296 0.008
56729.271 12.364 0.012
56730.236 12.393 0.011
56731.273 12.457 0.016
56733.285 12.490 0.013
56735.280 12.580 0.014
56737.250 12.671 0.024
56739.287 12.706 0.011
56740.260 12.688 0.011
56741.244 12.752 0.011
56744.317 12.820 0.018
56753.276 13.115 0.018
56755.258 13.140 0.010
56757.254 13.184 0.017
56759.268 13.252 0.042
56761.291 13.308 0.011
56763.279 13.356 0.014
56765.255 13.377 0.009
56767.262 13.373 0.013
filter Rkait
56679.370 11.105 0.021
56680.367 10.859 0.013
56682.329 10.527 0.016
56683.375 10.412 0.020
56684.358 10.331 0.017
56689.394 10.141 0.018
56690.302 10.124 0.012
56700.418 10.536 0.025
56701.306 10.591 0.024
56702.294 10.652 0.030
56703.346 10.735 0.017
56705.332 10.816 0.017
56706.323 10.846 0.017
56708.267 10.827 0.015
56709.341 10.863 0.014
56710.292 10.839 0.029
56711.249 10.832 0.021
56712.258 10.841 0.031
56713.296 10.871 0.031
56714.261 10.902 0.022
56719.364 11.064 0.013
56721.271 11.158 0.020
56723.251 11.269 0.009
56724.249 11.336 0.015
56725.250 11.369 0.021
56726.298 11.374 0.094
56727.252 11.456 0.008
56728.224 11.562 0.007
56729.272 11.614 0.010
56730.237 11.662 0.012
56731.274 11.739 0.021
56733.286 11.779 0.016
56735.281 11.874 0.017
56737.250 11.984 0.026
56739.287 12.030 0.015
56740.260 12.040 0.012
56741.244 12.103 0.018
56744.318 12.178 0.024
56753.277 12.505 0.014
56755.259 12.542 0.014
56757.255 12.608 0.019
56759.269 12.679 0.036
56761.291 12.737 0.012
56763.280 12.807 0.024
56765.256 12.819 0.010
56767.263 12.824 0.013
filter Ikait
56679.370 10.626 0.026
56680.367 10.358 0.015
56682.330 10.041 0.021
56683.376  9.911 0.024
56684.359  9.833 0.021
56689.395  9.768 0.025
56690.302  9.787 0.014
56700.418 10.302 0.042
56701.302 10.298 0.030
56702.296 10.337 0.037
56703.346 10.380 0.021
56705.333 10.388 0.018
56706.324 10.390 0.025
56708.267 10.307 0.015
56709.341 10.291 0.016
56710.293 10.231 0.034
56711.249 10.223 0.022
56712.258 10.204 0.033
56713.297 10.188 0.034
56714.262 10.173 0.026
56719.365 10.160 0.019
56721.271 10.210 0.030
56723.251 10.298 0.013
56724.249 10.369 0.018
56725.251 10.443 0.025
56726.305 10.518 0.079
56727.252 10.586 0.009
56728.224 10.651 0.007
56729.272 10.720 0.012
56730.237 10.780 0.013
56731.274 10.851 0.025
56733.286 10.925 0.019
56735.281 11.072 0.020
56737.251 11.174 0.032
56739.288 11.277 0.022
56740.260 11.273 0.013
56741.245 11.369 0.022
56744.318 11.484 0.026
56753.277 11.921 0.020
56755.259 11.990 0.018
56757.255 12.068 0.023
56759.271 12.164 0.056
56761.292 12.224 0.015
56763.280 12.333 0.024
56765.256 12.330 0.015
56767.263 12.315 0.022
filter J2m
56685.678 9.36 0.02
56688.601 9.51 0.02
56691.502 9.74 0.01
56695.596 10.03 0.02
56695.654 10.71 0.01
56707.601 10.89 0.02
56710.507 10.80 0.02
56712.504 10.68 0.02
56715.685 10.57 0.02
56748.100 11.80 0.05
56764.100 12.28 0.05
filter H2m
56685.678 9.44 0.02
56688.601 9.59 0.02
56691.502 9.67 0.02
56695.596 9.71 0.02
56695.654 9.77 0.02
56707.601 9.56 0.02
56710.507 9.49 0.02
56712.504 9.47 0.02
56715.685 9.57 0.02
56748.100 10.65 0.07
56764.100 11.02 0.10
filter Ks2m
56685.678 9.20 0.01
56688.601 9.38 0.02
56691.502 9.43 0.02
56695.596 9.47 0.02
56695.654 9.62 0.02
56707.601 9.48 0.02
56710.507 9.43 0.02
56712.504 9.35 0.02
56715.685 9.39 0.02
56748.100 10.74 0.10
56764.100 10.93 0.10
filter Jnot
56700.99 11.00 0.07
56730.72 11.27 0.03
56763.96 13.57 0.07
56796.89 14.65 0.02
56937.26 15.76 0.05
57117.50 15.78 0.06
57174.50 16.20 0.09
57236.50 17.05 0.13
57292.50 18.02 0.12
filter Hnot
56700.99 9.92 0.07
56730.73 10.23 0.04
56763.96 11.70 0.07
56796.89 12.89 0.02
56937.26 15.07 0.05
57117.50 15.50 0.06
57174.50 15.77 0.09
57236.50 17.04 0.13
57292.50 17.55 0.13
filter Knot
56700.99 9.55 0.10
56730.74 10.23 0.04
56763.96 11.71 0.05
56796.89 12.61 0.03
56937.26 14.61 0.14
57117.50 16.84 0.12
57174.50 18.39 0.18
filter G48
56936.48109 16.97 0.01
56936.53242 16.99 0.01
56944.52279 17.11 0.01
56952.54233 17.21 0.01
56953.54046 17.24 0.01
56954.53949 17.16 0.01
56956.52340 17.23 0.04
56956.54662 17.72 0.08
56961.52270 17.33 0.01
56964.49095 17.40 0.01
56964.54801 17.10 0.01
56988.46435 17.67 0.01
56988.50014 17.67 0.01
56989.47139 17.66 0.01
56989.50720 17.75 0.01
56990.48615 17.68 0.01
56990.52205 17.72 0.01
57000.43339 17.84 0.02
57000.45428 17.84 0.03
57001.41847 17.85 0.03
57001.44197 17.88 0.03
57059.29534 18.55 0.25
57060.26799 18.80 0.05
57060.30682 18.52 0.04
57062.28644 18.67 0.03
57062.30397 18.64 0.03
57063.25580 18.72 0.03
57063.28844 18.74 0.03
57064.33051 18.64 0.03
57065.30288 18.35 0.02
57065.33725 18.92 0.03
57066.31572 18.73 0.03
57066.35022 18.65 0.02
57067.29205 18.80 0.03
57068.30227 18.83 0.03
57068.33659 18.79 0.03
57069.28171 18.78 0.03
57069.31601 18.87 0.03
57070.24916 18.90 0.03
57070.28332 18.83 0.03
57071.24830 18.80 0.03
57071.28249 18.84 0.03
57072.26627 18.88 0.06
57089.29861 19.02 0.07
57089.32903 19.01 0.07
57090.29308 19.02 0.06
57090.32697 18.95 0.05
57094.25939 19.13 0.03
57094.28455 19.29 0.04
57095.22801 18.99 0.04
57095.25345 19.35 0.05
57096.22957 19.25 0.04
57096.25462 19.23 0.05
57097.22045 19.09 0.08
57097.24542 18.94 0.04
57098.21170 19.14 0.03
57098.23428 19.15 0.04
57100.23954 19.14 0.04
57100.26265 19.17 0.04
57101.22623 19.24 0.04
57102.19571 19.32 0.04
57103.19803 19.33 0.04
57103.22059 19.21 0.04
57104.23611 19.30 0.05
57107.19080 19.34 0.05
57107.21361 19.17 0.05
57108.14637 19.06 0.04
57108.16351 19.27 0.05
57109.14652 19.09 0.05
57109.16571 19.42 0.07
57110.16727 19.40 0.10
57110.18522 19.23 0.13
57111.17465 19.57 0.19
57111.18896 19.48 0.18
57112.16314 19.71 0.15
57112.19721 19.38 0.08
57113.21902 19.44 0.10
57114.14345 19.41 0.10
57119.17992 19.92 0.11
57119.20583 19.65 0.16
57122.18365 19.59 0.06
57122.20956 19.82 0.07
57124.23044 19.74 0.07
57125.17405 19.66 0.06
57125.19873 19.46 0.05
57126.18765 20.04 0.07
57126.21240 19.55 0.05
57128.16925 19.80 0.12
57128.18903 19.66 0.06
57129.17272 19.64 0.06
57129.19269 19.67 0.06
57130.16521 19.61 0.06
57130.18286 19.62 0.06
57131.17720 19.80 0.06
57131.19493 19.77 0.06
57132.16603 19.62 0.06
filter R48
56700.35030 10.93 0.01
56700.39300 10.89 0.01
56706.16706 11.21 0.01
56706.21042 11.11 0.01
56708.16315 11.04 0.01
56710.15617 11.16 0.01
56710.27825 11.26 0.01
56711.17718 11.23 0.01
56711.26380 11.20 0.01
56712.16391 11.24 0.01
56712.22068 11.02 0.01
56713.14874 11.19 0.01
56713.32285 11.13 0.01
56714.22277 11.22 0.01
56714.27763 11.25 0.01
56721.12601 11.32 0.01
56721.29309 11.33 0.01
56722.29615 11.48 0.01
56724.12102 11.65 0.01
56724.15230 11.56 0.01
56724.37816 11.55 0.01
56724.43443 11.53 0.01
56725.12286 11.59 0.01
56725.16090 11.62 0.01
56726.12344 11.82 0.01
56726.29213 11.67 0.01
56727.19362 11.84 0.01
56727.31874 11.79 0.01
56728.22123 11.83 0.01
56728.34389 11.81 0.01
56728.39094 11.82 0.01
56728.39446 11.84 0.01
56729.25683 11.91 0.01
56729.31204 11.92 0.01
56729.38088 11.88 0.01
56730.28227 11.93 0.01
56730.37116 11.96 0.01
56734.12715 12.10 0.01
56734.21060 12.14 0.01
56735.18764 12.84 0.01
56735.30066 12.78 0.01
56738.37137 12.84 0.01
56739.17215 12.81 0.01
56739.30993 12.85 0.01
56740.21199 12.92 0.01
56740.25463 12.78 0.01
56741.16586 12.93 0.01
56741.22609 12.94 0.01
56742.17873 12.61 0.01
56745.19308 12.85 0.01
56745.27994 12.73 0.01
56746.22259 12.58 0.01
56746.29149 12.75 0.01
56748.17367 12.63 0.01
56751.16303 12.87 0.01
56752.16086 13.04 0.01
56752.28083 13.08 0.01
56754.14413 13.11 0.01
56754.21816 13.15 0.01
56755.14624 13.12 0.01
56755.21774 13.23 0.01
56756.15293 13.21 0.01
56756.28046 12.98 0.01
56757.20096 12.96 0.01
56757.26463 13.00 0.01
56759.18259 13.20 0.01
56759.24288 13.22 0.01
56760.30560 13.02 0.01
56760.33939 13.09 0.01
56761.24102 13.35 0.01
56761.29581 13.22 0.01
56762.22544 13.35 0.01
56762.27828 13.38 0.01
56763.19860 13.36 0.01
56763.28521 13.37 0.01
56764.21677 13.32 0.01
56764.28921 13.19 0.01
56766.23007 13.23 0.01
56767.16468 13.22 0.01
56768.24978 13.43 0.01
56769.17955 13.41 0.01
56769.26956 13.38 0.01
56770.22167 13.33 0.01
56771.21449 13.37 0.01
56771.27536 13.48 0.01
56772.21906 13.44 0.01
56772.32639 13.42 0.01
56776.19286 13.52 0.01
56776.23692 13.56 0.01
56777.19007 13.54 0.01
56778.20351 13.57 0.01
56778.25022 13.58 0.01
56779.20631 13.70 0.01
56779.26108 13.67 0.01
56780.16465 13.70 0.01
56780.19479 13.72 0.01
56781.16470 13.73 0.01
56781.19456 13.70 0.01
56782.18366 13.68 0.01
56782.21838 13.72 0.01
56783.16551 13.50 0.01
56783.19529 13.74 0.01
56833.17936 15.01 0.01
56833.21521 15.02 0.01
56834.17791 15.04 0.01
56834.20632 15.06 0.01
56835.17684 15.05 0.01
56835.20509 15.06 0.01
56922.52865 16.67 0.01
56943.52648 16.98 0.01
56965.47138 17.50 0.02
56971.47080 17.29 0.01
56971.49278 17.49 0.01
56971.52419 17.41 0.01
56971.54301 17.36 0.01
56972.47564 17.42 0.01
56972.51691 17.44 0.01
56978.54188 17.13 0.01
56980.51506 17.41 0.01
56981.49426 17.38 0.01
56981.53882 17.50 0.01
56983.50285 17.52 0.01
56984.52911 17.19 0.01
56985.51087 17.71 0.02
56986.52395 17.65 0.02
56987.45013 17.29 0.01
57042.55639 18.13 0.03
57153.17044 19.63 0.07
57153.23983 19.31 0.09
57155.23660 19.93 0.09
57163.17847 19.49 0.12
57163.18872 19.63 0.07
57181.20644 19.07 0.17
filter g_s
56679.30811 12.43 0.01
56679.30811 12.41 0.01
56679.30933 12.41 0.01
56679.37586 12.64 0.01
56679.37671 12.40 0.01
56682.19773 11.84 0.01
56682.19773 11.83 0.01
56682.19860 11.85 0.01
56683.20146 11.68 0.01
56683.20146 11.66 0.01
56683.20233 11.68 0.01
56683.20856 11.67 0.01
56683.20943 11.66 0.01
56684.32632 11.53 0.01
56684.32684 11.59 0.01
56684.32735 11.57 0.01
56684.33986 11.54 0.01
56684.34038 11.56 0.01
56684.34089 11.54 0.01
56685.29144 11.51 0.01
56685.29144 11.50 0.01
56685.29196 11.52 0.01
56685.29247 11.45 0.01
56685.30108 11.52 0.01
56685.30160 11.50 0.01
56685.30212 11.48 0.01
56687.27020 11.40 0.01
56687.27020 11.38 0.01
56687.27074 11.40 0.01
56687.27126 11.40 0.01
56688.36523 11.42 0.01
56688.36523 11.42 0.01
56688.36575 11.36 0.01
56688.36628 11.35 0.01
56689.18806 11.31 0.01
56689.18806 11.33 0.01
56689.18858 11.34 0.01
56689.18909 11.48 0.01
56689.19561 11.36 0.01
56689.19613 11.36 0.01
56689.19664 11.45 0.01
56692.47991 11.35 0.01
56692.48043 11.33 0.01
56692.48094 11.32 0.01
56693.14054 11.42 0.01
56693.14112 11.41 0.01
56693.14163 11.42 0.01
56696.14397 11.45 0.01
56696.14449 11.46 0.01
56696.14500 11.42 0.01
56698.13446 11.52 0.01
56698.13498 11.43 0.01
56698.13549 11.46 0.01
56701.10532 11.64 0.01
56701.17307 11.62 0.01
56701.17360 11.70 0.01
56701.17413 11.64 0.01
56703.50363 11.78 0.01
56703.50417 11.80 0.01
56703.50468 11.80 0.01
56704.23174 11.84 0.01
56704.23226 11.81 0.01
56704.23277 11.83 0.01
56706.15861 12.02 0.01
56706.15916 11.97 0.01
56706.15966 12.03 0.01
56710.08128 12.24 0.01
56710.08215 12.25 0.01
56710.08977 12.24 0.01
56710.09064 12.25 0.01
56711.17002 12.34 0.01
56711.17088 12.32 0.01
56713.10053 12.77 0.01
56713.10140 12.76 0.01
56713.19696 12.45 0.01
56713.19782 12.46 0.01
56715.10289 12.64 0.01
56715.10380 12.64 0.01
56717.42297 12.80 0.01
56717.42384 12.81 0.01
56719.14876 12.99 0.01
56719.14963 12.97 0.01
56721.40770 13.11 0.01
56721.40856 13.12 0.01
56730.40992 13.69 0.01
56730.41079 13.62 0.01
56740.38025 13.85 0.01
56740.38112 13.85 0.01
56744.21987 13.93 0.01
56744.22282 13.92 0.01
56744.26058 13.93 0.01
56744.26354 13.93 0.01
56747.35726 13.96 0.01
56747.36021 13.97 0.01
56749.35081 14.05 0.01
56749.35168 14.00 0.01
56754.09360 14.30 0.03
56754.09447 14.11 0.01
56754.09532 14.13 0.01
56770.14309 14.41 0.01
56770.14466 14.42 0.01
56786.10906 14.65 0.01
56786.11064 14.66 0.01
56790.17047 14.74 0.01
56790.17205 14.72 0.01
56792.13229 14.69 0.02
56796.16353 14.85 0.01
56796.16510 14.82 0.01
56805.12872 14.95 0.01
56805.13039 14.98 0.01
56811.13605 15.04 0.01
56811.13763 15.03 0.01
56820.12556 15.35 0.02
56820.12713 15.36 0.01
56936.48109 16.97 0.01
filter i_s
56805.13560 14.04 0.01
56805.13723 14.06 0.01
56807.16590 13.72 0.01
56807.16678 13.70 0.01
56811.14269 14.08 0.02
56811.14426 14.11 0.02
56820.16461 14.54 0.01
57096.50069 18.68 0.08
57137.40966 19.09 0.06
57137.41264 19.28 0.07
57149.37616 19.45 0.26
57149.37913 19.41 0.23
57153.31382 19.39 0.10
57153.31679 19.24 0.10