SN1981B 0.006027 188.623194 2.199796
filter H
679.00  12.950  0.060
685.70  12.980  0.020
687.70  12.900  0.020
689.00  12.930  0.030
689.80  12.840  0.020
690.80  12.820  0.020
691.70  12.690  0.020
692.80  12.730  0.050
695.80  12.590  0.030
708.70  13.190  0.080
737.70  14.530  0.070
738.60  14.530  0.030
748.50  15.020  0.030
768.50  15.800  0.040
782.50  16.220  0.080
filter K
679.00  12.810  0.050
685.70  12.890  0.020
687.70  12.900  0.020
689.00  12.870  0.040
689.80  12.670  0.020
690.80  12.810  0.030
691.70  12.770  0.020
692.80  12.810  0.040
695.80  12.680  0.050
737.70  14.670  0.070
738.60  14.670  0.030
748.50  15.030  0.050
768.50  15.710  0.050
782.50  15.990  0.130
filter J
679.00  13.190  0.070
685.70  14.180  0.030
687.70  14.200  0.030
689.00  14.290  0.020
689.80  14.110  0.030
690.80  14.170  0.020
691.70  13.850  0.030
692.80  13.990  0.030
695.80  13.660  0.030
708.70  14.010  0.110
737.70  16.090  0.150
738.60  16.190  0.060
748.50  16.650  0.050
768.50  17.520  0.110
782.50  17.870  0.130
filter Us
671.42  11.850  0.010
671.43  11.840  0.010
672.30  11.880  0.010
673.32  11.830  0.010
673.46  11.900  0.010
690.39  13.850  0.010
695.30  14.300  0.010
695.35  14.490  0.010
704.39  14.910  0.010
704.45  14.980  0.010
705.36  14.980  0.010
705.45  15.230  0.010
706.45  15.210  0.010
719.28  15.740  0.010
728.28  16.250  0.010
filter Vs
671.42  11.970  0.010
671.43  11.970  0.010
672.30  12.000  0.010
673.32  11.920  0.010
673.46  11.950  0.010
687.31  12.580  0.010
690.39  12.730  0.010
694.43  12.840  0.010
695.30  12.970  0.010
695.35  12.970  0.010
701.34  13.330  0.010
702.32  13.520  0.010
703.34  13.660  0.010
704.39  13.540  0.010
704.45  13.640  0.010
705.27  13.540  0.010
705.36  13.640  0.010
705.45  13.790  0.010
706.45  13.800  0.010
707.40  13.750  0.010
714.45  14.000  0.010
714.46  14.090  0.010
718.34  14.190  0.010
719.28  14.440  0.010
719.42  14.170  0.010
720.34  14.310  0.010
725.46  14.330  0.010
727.30  14.240  0.010
728.28  14.360  0.010
728.36  14.520  0.010
729.44  14.480  0.010
730.34  14.610  0.010
732.28  14.430  0.010
733.30  14.570  0.010
734.37  14.650  0.010
737.30  14.870  0.010
738.36  14.870  0.010
743.33  14.850  0.010
745.32  15.030  0.010
747.33  15.100  0.010
756.35  15.150  0.010
758.35  15.170  0.010
filter Bs
666.44  12.420  0.010
666.47  12.380  0.010
670.35  12.070  0.010
670.36  12.130  0.010
671.36  12.030  0.010
671.42  12.050  0.010
671.43  12.000  0.010
672.30  12.030  0.010
672.41  12.020  0.010
672.45  12.000  0.010
673.32  12.020  0.010
673.43  12.030  0.010
673.46  12.010  0.010
683.41  12.650  0.010
687.30  13.050  0.010
687.31  13.080  0.010
690.39  13.530  0.010
694.42  13.800  0.010
695.23  14.010  0.010
695.30  14.000  0.010
695.35  13.950  0.010
701.33  14.540  0.010
702.30  14.600  0.010
703.32  14.880  0.010
704.42  14.770  0.010
704.45  14.820  0.010
705.27  14.710  0.010
705.36  14.820  0.010
705.45  14.820  0.010
706.45  14.770  0.010
707.39  15.010  0.010
714.44  15.090  0.010
718.31  15.270  0.010
719.28  15.170  0.010
719.40  15.350  0.010
720.35  15.180  0.010
721.31  15.330  0.010
727.27  15.400  0.010
727.33  15.370  0.010
728.28  15.320  0.010
728.34  15.380  0.010
732.32  15.480  0.010
733.32  15.390  0.010
734.35  15.520  0.010
737.33  15.410  0.010
745.33  15.670  0.010
747.35  15.610  0.010
