SN2001el 0.003896 56.127500 -44.639833
filter Rs
2171.85  13.711  0.016
2174.81  13.111  0.015
2177.84  12.768  0.024
2183.84  12.622  0.045
2186.80  12.624  0.009
2189.74  12.729  0.015
2189.76  12.730  0.015
2189.83  12.738  0.010
2189.85  12.736  0.015
2190.72  12.772  0.015
2190.85  12.798  0.015
2191.72  12.835  0.015
2191.85  12.864  0.015
2192.83  12.909  0.018
2192.85  12.902  0.015
2193.72  12.969  0.015
2193.85  12.988  0.015
2194.78  13.032  0.015
2195.75  13.040  0.035
2195.83  13.103  0.015
2197.71  13.175  0.015
2198.71  13.156  0.015
2198.80  13.169  0.014
2201.81  13.232  0.014
2204.78  13.303  0.019
2207.77  13.392  0.015
2210.82  13.524  0.011
2213.68  13.697  0.015
2216.73  13.880  0.012
2222.75  14.248  0.018
2225.72  14.331  0.014
2228.73  14.478  0.016
2231.71  14.584  0.016
2234.73  14.675  0.013
2237.73  14.738  0.016
2240.73  14.835  0.019
2243.71  14.917  0.021
2246.78  15.042  0.020
filter H
2171.84  13.661  0.036
2174.80  13.161  0.037
2177.82  13.085  0.037
2183.83  13.193  0.036
2186.79  13.253  0.036
2189.82  13.239  0.036
2192.82  13.276  0.042
2195.74  13.245  0.051
2198.79  13.140  0.099
2201.81  13.045  0.036
2202.75  12.978  0.040
2203.74  12.982  0.019
2204.70  12.966  0.026
2204.77  13.084  0.071
2207.84  13.061  0.038
2210.81  13.108  0.042
2213.67  13.132  0.041
2216.72  13.259  0.039
2222.74  13.769  0.043
2225.71  13.812  0.048
2228.72  13.991  0.044
2231.70  14.090  0.045
2234.72  14.213  0.044
2237.73  14.349  0.053
2238.79  14.355  0.054
2240.70  14.514  0.039
2240.72  14.488  0.055
2241.69  14.492  0.016
2242.69  14.562  0.022
2243.68  14.548  0.080
2243.74  14.576  0.055
2246.77  14.824  0.067
filter Is
2171.85  13.742  0.015
2174.81  13.120  0.014
2177.84  12.838  0.016
2183.84  12.885  0.016
2186.80  12.954  0.008
2189.74  13.115  0.015
2189.76  13.119  0.015
2189.83  13.073  0.008
2189.85  13.113  0.015
2190.72  13.211  0.015
2190.85  13.207  0.015
2191.72  13.240  0.015
2191.85  13.278  0.015
2192.83  13.259  0.016
2192.85  13.331  0.015
2193.72  13.368  0.015
2193.85  13.374  0.015
2194.78  13.375  0.015
2195.75  13.358  0.027
2195.83  13.440  0.015
2197.71  13.462  0.015
2198.71  13.359  0.015
2198.80  13.322  0.008
2201.81  13.253  0.012
2204.78  13.226  0.024
2207.77  13.224  0.012
2210.82  13.235  0.010
2213.68  13.306  0.009
2216.73  13.486  0.009
2222.75  13.904  0.017
2225.72  14.038  0.012
2228.73  14.171  0.015
2231.71  14.314  0.014
2234.73  14.447  0.012
2237.73  14.560  0.014
2240.73  14.689  0.015
2243.71  14.801  0.019
2246.78  14.922  0.022
filter J
2171.84  13.607  0.021
2174.80  13.129  0.020
2177.82  12.878  0.022
2183.83  12.986  0.020
2186.79  13.177  0.020
2189.82  13.538  0.020
2192.82  14.139  0.022
2195.74  14.265  0.032
2198.79  14.290  0.068
2201.81  14.380  0.020
2202.75  14.191  0.023
2203.74  14.167  0.022
2204.70  14.174  0.025
2204.77  14.263  0.043
2207.84  14.217  0.021
2210.81  14.199  0.025
2213.67  13.997  0.023
2216.72  14.112  0.021
2222.74  14.774  0.025
2225.71  14.917  0.028
2228.72  15.204  0.026
2231.70  15.354  0.027
2234.72  15.544  0.026
2237.73  15.799  0.033
2238.79  15.713  0.020
2240.70  15.879  0.020
2240.72  15.974  0.034
2241.69  15.964  0.020
2242.69  16.030  0.025
2243.68  16.069  0.024
2243.74  16.238  0.033
2244.71  16.089  0.046
2246.77  16.420  0.043
filter Us
2178.82  12.753  0.045
2179.81  12.708  0.043
2183.86  12.765  0.027
2184.88  12.824  0.029
2189.74  13.418  0.019
2189.76  13.392  0.019
2189.85  13.428  0.019
2190.72  13.507  0.019
2190.85  13.545  0.019
2191.72  13.643  0.019
2191.85  13.669  0.019
2192.85  13.765  0.019
2193.72  13.881  0.019
2193.85  13.913  0.019
2194.78  14.009  0.019
2195.83  14.188  0.019
2197.71  14.450  0.019
2198.71  14.544  0.019
filter Vs
2171.85  13.801  0.009
2174.81  13.257  0.008
2177.84  12.932  0.010
2178.82  12.903  0.014
2179.81  12.873  0.015
2183.84  12.704  0.010
2183.86  12.758  0.008
2184.88  12.759  0.007
2186.80  12.744  0.004
2189.74  12.811  0.013
2189.76  12.813  0.013
2189.83  12.807  0.004
2189.85  12.832  0.013
2190.72  12.834  0.013
2190.85  12.859  0.013
2191.72  12.878  0.013
2191.85  12.900  0.013
2192.83  12.932  0.011
2192.85  12.924  0.013
2193.72  12.982  0.013
2193.85  13.008  0.013
2194.78  13.058  0.013
2195.75  13.096  0.018
2195.83  13.134  0.013
2197.71  13.235  0.013
2198.71  13.272  0.013
2198.80  13.308  0.005
2201.81  13.486  0.008
2204.78  13.624  0.009
2207.77  13.781  0.007
2210.82  13.961  0.006
2213.68  14.147  0.006
2216.73  14.341  0.005
2222.75  14.646  0.010
2225.72  14.744  0.007
2228.73  14.840  0.009
2231.71  14.895  0.009
2234.73  14.967  0.006
2237.73  15.068  0.008
2240.73  15.147  0.009
2243.71  15.204  0.012
2246.78  15.265  0.009
filter Bs
2171.85  14.048  0.013
2174.81  13.380  0.012
2177.84  13.005  0.015
2178.82  12.894  0.023
2179.81  12.849  0.026
2183.84  12.844  0.019
2183.86  12.886  0.013
2184.88  12.902  0.013
2186.80  12.939  0.009
2189.74  13.145  0.014
2189.76  13.148  0.014
2189.83  13.166  0.007
2189.85  13.159  0.014
2190.72  13.219  0.014
2190.85  13.255  0.014
2191.72  13.321  0.014
2191.85  13.343  0.014
2192.83  13.427  0.016
2192.85  13.417  0.014
2193.72  13.535  0.014
2193.85  13.558  0.014
2194.78  13.645  0.014
2195.75  13.769  0.027
2195.83  13.775  0.014
2197.71  13.987  0.014
2198.71  14.086  0.014
2198.80  14.133  0.008
2201.81  14.483  0.012
2204.78  14.765  0.016
2207.77  15.039  0.012
2210.82  15.292  0.013
2213.68  15.485  0.015
2216.73  15.659  0.011
2222.75  15.932  0.020
2225.72  15.997  0.012
2228.73  16.089  0.016
2231.71  16.140  0.017
2234.73  16.161  0.016
2237.73  16.215  0.017
2240.73  16.238  0.020
2243.71  16.293  0.021
2246.78  16.349  0.038
