SN2002fk 0.007120 50.523792 -15.400889
filter H_P
52535.70  15.200  0.011
52536.70  14.859  0.011
52537.80  14.605  0.011
52538.70  14.405  0.011
52539.70  14.234  0.015
52540.70  14.133  0.011
52541.70  14.044  0.016
52541.70  14.036  0.011
52542.70  13.975  0.011
52544.70  13.981  0.011
52546.60  14.113  0.011
52560.70  14.590  0.011
52562.70  14.549  0.011
52567.80  14.332  0.011
52571.80  14.175  0.011
52590.80  14.905  0.011
52593.80  15.030  0.011
52597.50  15.248  0.011
52600.60  15.367  0.014
52617.50  16.112  0.015
52619.70  16.185  0.011
52631.60  16.797  0.017
52650.60  17.597  0.027
filter Rs
52535.99  15.090  0.049
52537.00  14.721  0.038
52537.97  14.396  0.033
52541.99  13.693  0.042
52544.00  13.529  0.016
52544.96  13.462  0.010
52548.99  13.382  0.011
52549.98  13.380  0.010
52550.95  13.380  0.010
52551.97  13.397  0.013
52553.95  13.481  0.013
52555.94  13.647  0.036
52559.95  13.941  0.035
52562.89  14.111  0.033
52565.90  14.187  0.049
52570.95  14.191  0.030
52574.87  14.269  0.040
52576.89  14.378  0.038
52579.90  14.488  0.010
52582.87  14.690  0.010
52588.93  15.024  0.034
52594.84  15.263  0.017
52604.83  15.635  0.011
52607.80  15.705  0.049
52610.85  15.826  0.024
52613.81  15.955  0.014
52616.79  16.011  0.033
52619.77  16.147  0.053
52631.79  16.584  0.063
52644.73  16.977  0.020
52657.72  17.309  0.050
52673.63  17.903  0.050
filter K_P
52535.70  15.107  0.011
52536.70  14.797  0.011
52537.80  14.532  0.015
52538.70  14.323  0.011
52539.70  14.103  0.015
52540.70  13.997  0.011
52541.70  13.863  0.017
52541.70  13.926  0.011
52542.70  13.766  0.019
52544.70  13.741  0.017
52546.60  13.859  0.011
52560.70  14.264  0.011
52562.70  14.262  0.011
52567.80  14.152  0.011
52571.80  14.083  0.011
52590.80  14.922  0.011
52593.80  15.063  0.011
52597.50  15.249  0.011
52600.60  15.350  0.030
52617.50  16.010  0.027
52619.70  16.070  0.027
52631.60  16.549  0.033
52650.60  17.039  0.056
filter Is
52535.99  14.879  0.025
52537.00  14.518  0.020
52537.97  14.238  0.011
52541.99  13.603  0.015
52544.00  13.557  0.020
52544.96  13.510  0.011
52548.99  13.573  0.010
52549.98  13.589  0.011
52550.95  13.654  0.012
52551.97  13.691  0.010
52553.95  13.784  0.012
52555.94  13.953  0.010
52559.95  14.199  0.012
52562.89  14.292  0.010
52565.90  14.296  0.034
52570.95  14.179  0.039
52574.87  14.023  0.011
52576.89  14.044  0.010
52579.90  14.121  0.011
52582.87  14.293  0.010
52594.84  15.003  0.028
52604.83  15.490  0.026
52607.80  15.600  0.018
52610.85  15.755  0.026
52613.81  15.917  0.032
52616.79  16.097  0.060
52619.77  16.090  0.035
52631.79  16.595  0.069
52644.73  17.103  0.074
52657.72  17.792  0.135
52673.63  18.125  0.139
filter J_P
52535.70  15.162  0.011
52536.70  14.798  0.011
52537.80  14.540  0.011
52538.70  14.324  0.011
52539.70  14.132  0.011
52540.70  14.000  0.011
52541.70  13.860  0.016
52541.70  13.879  0.011
52542.70  13.801  0.015
52544.70  13.764  0.015
52546.60  13.847  0.011
52560.70  15.623  0.011
52562.70  15.647  0.011
52567.80  15.549  0.011
52570.60  15.497  0.018
52571.80  15.377  0.011
52590.80  15.854  0.011
52593.80  16.073  0.011
52597.50  16.367  0.011
52600.60  16.549  0.013
52617.50  17.713  0.039
52619.70  17.798  0.030
52631.60  18.534  0.042
52650.60  19.434  0.103
filter Vs
52535.99  15.152  0.032
52537.00  14.760  0.010
52537.97  14.450  0.012
52541.99  13.714  0.011
52544.00  13.592  0.028
52544.96  13.508  0.020
52548.99  13.366  0.011
52549.98  13.363  0.010
52550.95  13.400  0.010
52551.97  13.424  0.010
52553.95  13.468  0.011
52555.94  13.549  0.010
52559.95  13.766  0.010
52562.89  13.957  0.010
52565.90  14.127  0.013
52570.95  14.372  0.025
52574.87  14.569  0.022
52576.89  14.684  0.011
52579.90  14.859  0.016
52582.87  15.055  0.026
52588.93  15.367  0.025
52594.84  15.538  0.021
52604.83  15.819  0.012
52607.80  15.884  0.014
52610.85  15.996  0.019
52613.81  16.037  0.020
52616.79  16.161  0.027
52619.77  16.223  0.037
52631.79  16.547  0.026
52644.73  16.830  0.018
52657.72  17.148  0.036
52673.63  17.551  0.035
filter Bs
52535.99  15.061  0.010
52537.00  14.667  0.011
52537.97  14.347  0.010
52541.99  13.600  0.010
52544.00  13.472  0.010
52544.96  13.386  0.010
52548.99  13.327  0.010
52549.98  13.311  0.010
52550.95  13.349  0.011
52551.97  13.383  0.011
52553.95  13.519  0.011
52555.94  13.658  0.010
52559.95  13.973  0.013
52562.89  14.298  0.011
52565.90  14.669  0.010
52574.87  15.549  0.013
52576.89  15.757  0.042
52579.90  15.977  0.048
52582.87  16.109  0.031
52588.93  16.363  0.038
52594.84  16.513  0.018
52604.83  16.650  0.017
52607.80  16.751  0.027
52610.85  16.812  0.034
52613.81  16.799  0.017
52616.79  16.873  0.038
52619.77  16.889  0.020
52631.79  17.153  0.028
52644.73  17.323  0.048
52657.72  17.301  0.084
52673.63  17.723  0.101
