SN2011fe 0.000803 210.774208 54.273722
filter Rs
55799.56  13.728  0.011
55800.58  12.955  0.024
55802.56  11.941  0.020
55803.55  11.512  0.015
55804.56  11.170  0.012
55806.54  10.572  0.028
55808.54  10.336  0.011
55814.53  10.042  0.084
55815.53  10.011  0.025
55816.53  10.006  0.035
55817.58  10.031  0.031
55820.53  10.080  0.014
55822.52  10.181  0.002
55823.53  10.283  0.015
55825.52  10.428  0.027
55827.51  10.580  0.024
55829.51  10.655  0.017
55830.52  10.672  0.021
55832.51  10.731  0.012
55839.53  10.850  0.008
55840.50  10.865  0.024
55841.50  10.925  0.016
55842.50  10.958  0.015
55844.50  11.054  0.016
55852.90  11.615  0.033
55858.48  11.862  0.013
55859.49  11.879  0.012
55864.90  12.085  0.013
55868.49  12.190  0.016
55870.90  12.256  0.008
55872.88  12.343  0.021
55883.92  12.688  0.011
55887.92  12.796  0.005
55889.92  12.904  0.026
55890.93  12.902  0.011
55898.91  13.155  0.019
55905.94  13.353  0.017
55907.92  13.445  0.027
55913.89  13.624  0.027
55924.92  13.945  0.025
55932.94  14.145  0.020
55935.98  14.280  0.027
55937.92  14.325  0.026
55942.72  14.402  0.058
55945.89  14.523  0.036
55948.86  14.639  0.031
55954.82  14.757  0.028
55966.90  14.951  0.032
55973.67  15.165  0.060
55978.67  15.340  0.048
filter Is
55799.56  13.696  0.022
55800.58  12.942  0.026
55802.56  11.882  0.022
55803.55  11.471  0.024
55804.56  11.147  0.017
55806.54  10.569  0.052
55808.54  10.402  0.025
55814.53  10.260  0.030
55815.53  10.320  0.027
55816.53  10.362  0.036
55817.58  10.307  0.019
55820.53  10.505  0.018
55822.52  10.630  0.026
55823.53  10.691  0.013
55825.52  10.840  0.018
55827.51  10.918  0.025
55829.51  10.898  0.020
55830.52  10.894  0.015
55832.51  10.855  0.018
55839.53  10.699  0.033
55840.50  10.661  0.026
55841.50  10.672  0.031
55842.50  10.680  0.026
55844.50  10.738  0.045
55852.90  11.255  0.022
55858.48  11.564  0.024
55859.49  11.634  0.047
55864.90  11.884  0.010
55868.49  12.038  0.040
55870.90  12.141  0.005
55872.88  12.179  0.008
55883.92  12.676  0.014
55887.92  12.832  0.013
55889.92  12.909  0.012
55890.93  12.957  0.018
55898.91  13.245  0.027
55905.94  13.470  0.036
55907.92  13.580  0.039
55913.89  13.732  0.025
55924.92  14.066  0.032
55932.94  14.256  0.045
55935.98  14.384  0.039
55937.92  14.423  0.036
55942.72  14.506  0.043
55945.89  14.627  0.045
55948.86  14.702  0.050
55954.82  14.803  0.040
55966.90  15.034  0.053
55973.67  15.174  0.056
55978.67  15.242  0.054
filter WHIRCK
55800.12  12.855  0.031
55802.17  11.967  0.029
55803.12  11.609  0.012
55807.15  10.809  0.014
55808.10  10.720  0.011
55813.11  10.641  0.013
55819.13  10.890  0.012
55820.09  10.912  0.011
55821.09  10.955  0.012
55822.09  10.994  0.013
55824.09  11.061  0.011
55825.09  11.076  0.012
55827.12  11.075  0.012
55828.09  11.061  0.013
55830.11  11.014  0.012
55833.09  10.909  0.012
55835.09  10.861  0.014
55837.09  10.821  0.012
55838.08  10.808  0.013
55840.07  10.818  0.011
55842.07  10.845  0.011
55844.07  10.939  0.012
55846.09  11.040  0.015
55848.07  11.215  0.013
55849.07  11.289  0.012
55850.07  11.405  0.026
55851.07  11.467  0.013
55852.07  11.517  0.013
55853.06  11.569  0.015
55854.07  11.632  0.013
55860.07  11.927  0.012
filter WHIRCJ
55800.12  12.860  0.010
55802.17  11.901  0.010
55803.12  11.566  0.011
55807.15  10.685  0.013
55808.10  10.583  0.010
55813.11  10.503  0.009
55819.13  10.968  0.009
55820.09  11.072  0.009
55821.09  11.224  0.012
55822.09  11.400  0.010
55824.09  11.860  0.009
55825.09  12.063  0.009
55827.12  12.326  0.010
55828.09  12.382  0.011
55830.11  12.394  0.009
55833.09  12.287  0.011
55835.09  12.200  0.010
55837.09  12.111  0.010
55838.08  12.051  0.010
55840.07  11.927  0.009
55842.07  11.788  0.011
55844.07  11.713  0.010
55846.09  11.718  0.010
55848.07  11.865  0.022
55849.07  11.955  0.011
55850.07  12.052  0.009
55851.07  12.135  0.016
55852.07  12.257  0.013
55853.06  12.338  0.011
55854.07  12.425  0.012
55860.07  12.920  0.011
filter WHIRCH
55800.12  12.822  0.009
55802.17  11.898  0.008
55803.12  11.587  0.008
55804.19  11.317  0.010
55805.20  11.124  0.008
55807.15  10.849  0.008
55808.10  10.768  0.008
55813.11  10.804  0.008
55819.13  11.028  0.008
55820.09  11.036  0.008
55821.09  11.035  0.009
55822.09  11.059  0.008
55824.09  11.096  0.008
55825.09  11.100  0.008
55827.12  11.084  0.008
55828.09  11.045  0.009
55830.11  10.966  0.008
55833.09  10.827  0.008
55834.10  10.779  0.015
55835.09  10.771  0.008
55837.09  10.726  0.008
55838.08  10.715  0.008
55840.07  10.704  0.008
55842.07  10.734  0.008
55844.07  10.797  0.008
55845.11  10.845  0.009
55846.09  10.891  0.009
55848.07  11.030  0.008
55849.07  11.101  0.008
55850.07  11.178  0.010
55851.07  11.245  0.008
55852.07  11.304  0.008
55853.06  11.356  0.010
55854.07  11.415  0.010
55860.07  11.708  0.008
filter Vs
55799.56  13.776  0.016
55800.58  13.025  0.013
55802.56  12.049  0.011
55803.55  11.643  0.016
55804.56  11.300  0.009
55806.54  10.659  0.020
55808.54  10.466  0.029
55814.53  10.014  0.003
55815.53  10.012  0.012
55816.53  9.998  0.008
55817.58  9.903  0.059
55820.53  10.082  0.013
55822.52  10.134  0.006
55823.53  10.185  0.014
55825.52  10.311  0.009
55827.51  10.459  0.016
55829.51  10.574  0.019
55830.52  10.629  0.011
55832.51  10.739  0.011
55839.53  11.116  0.016
55840.50  11.180  0.013
55841.50  11.237  0.011
55842.50  11.294  0.006
55844.50  11.430  0.016
55852.90  11.921  0.014
55858.48  12.144  0.020
55859.49  12.157  0.010
55864.90  12.332  0.012
55868.49  12.441  0.014
55870.90  12.478  0.016
55872.88  12.509  0.016
55883.92  12.826  0.010
55887.92  12.927  0.006
55889.92  12.968  0.019
55890.93  12.988  0.019
55898.91  13.217  0.014
55905.94  13.398  0.013
55907.92  13.442  0.018
55913.89  13.559  0.019
55924.92  13.811  0.016
55932.94  14.006  0.022
55935.98  14.054  0.017
55937.92  14.124  0.015
55942.72  14.204  0.025
55945.89  14.272  0.033
55948.86  14.336  0.023
55954.82  14.465  0.021
55966.90  14.623  0.024
55973.67  14.754  0.039
55978.67  14.894  0.026
filter Bs
55799.56  14.072  0.038
55800.58  13.321  0.046
55802.56  12.148  0.028
55803.55  11.690  0.023
55804.56  11.310  0.025
55808.54  10.346  0.045
55814.53  10.034  0.039
55815.53  9.981  0.015
55816.53  10.072  0.052
55817.58  10.060  0.072
55820.53  10.171  0.010
55822.52  10.326  0.017
55823.53  10.405  0.015
55825.52  10.623  0.030
55827.51  10.829  0.028
55829.51  11.043  0.057
55830.52  11.167  0.014
55832.51  11.423  0.058
55839.53  12.228  0.016
55840.50  12.312  0.039
55841.50  12.407  0.049
55842.50  12.503  0.038
55844.50  12.688  0.035
55852.90  13.098  0.021
55858.48  13.314  0.034
55859.49  13.290  0.016
55864.90  13.340  0.037
55868.49  13.364  0.017
55870.90  13.375  0.011
55872.88  13.371  0.041
55883.92  13.584  0.006
55887.92  13.598  0.012
55889.92  13.699  0.037
55890.93  13.658  0.021
55898.91  13.761  0.037
55905.94  13.831  0.033
55907.92  13.877  0.026
55913.89  13.919  0.035
55924.92  14.078  0.036
55932.94  14.191  0.032
55935.98  14.219  0.041
55937.92  14.253  0.026
55942.72  14.298  0.038
55945.89  14.377  0.033
55948.86  14.420  0.036
55954.82  14.524  0.044
55966.90  14.716  0.033
55973.67  14.792  0.044
55978.67  14.884  0.046
