SN2007af 0.005460 215.588000 -0.393778
filter B
54165.32  14.071  0.006
54166.29  13.889  0.006
54169.36  13.478  0.006
54170.31  13.407  0.007
54171.37  13.345  0.007
54172.38  13.300  0.009
54174.34  13.280  0.007
54178.26  13.425  0.008
54179.32  13.487  0.006
54181.32  13.632  0.006
54182.29  13.716  0.008
54185.33  14.022  0.006
54190.26  14.607  0.007
54194.31  15.063  0.006
54197.30  15.334  0.006
54199.25  15.497  0.007
54202.33  15.737  0.008
54204.35  15.875  0.008
54207.27  16.044  0.009
54211.29  16.240  0.008
54213.25  16.308  0.009
54218.26  16.443  0.007
54224.29  16.549  0.010
54226.31  16.595  0.009
54231.28  16.662  0.008
54239.26  16.792  0.009
54246.18  16.869  0.007
54256.20  17.009  0.008
filter g
54165.27  13.991  0.011
54166.31  13.826  0.007
54169.38  13.404  0.006
54170.33  13.333  0.006
54174.36  13.187  0.007
54178.28  13.284  0.008
54179.34  13.329  0.008
54181.30  13.426  0.007
54182.27  13.493  0.008
54185.31  13.715  0.006
54190.29  14.181  0.006
54194.28  14.560  0.007
54197.28  14.840  0.006
54199.22  14.998  0.007
54202.34  15.260  0.008
54207.25  15.598  0.008
54211.27  15.794  0.006
54213.23  15.867  0.008
54218.27  16.015  0.006
54224.27  16.132  0.008
54226.30  16.168  0.007
54231.29  16.252  0.006
54239.19  16.370  0.006
54246.16  16.480  0.006
54256.18  16.630  0.005
filter i
54165.29  14.233  0.006
54166.32  14.049  0.006
54169.39  13.736  0.008
54170.34  13.694  0.008
54171.38  13.679  0.011
54172.36  13.697  0.011
54174.35  13.764  0.010
54178.28  13.900  0.009
54179.34  13.961  0.010
54181.31  14.052  0.010
54182.28  14.134  0.010
54185.32  14.383  0.006
54190.30  14.442  0.006
54194.29  14.349  0.008
54197.29  14.303  0.009
54199.23  14.287  0.008
54202.35  14.315  0.008
54204.34  14.406  0.010
54207.26  14.632  0.010
54211.28  14.905  0.006
54213.24  15.014  0.009
54218.28  15.272  0.006
54224.28  15.505  0.009
54226.32  15.598  0.007
54231.31  15.779  0.006
54239.24  16.055  0.007
54246.17  16.295  0.008
54256.19  16.638  0.007
filter H
54162.29  14.454  0.026
54162.30  14.523  0.025
54164.34  14.078  0.050
54164.35  14.031  0.033
54167.35  13.702  0.024
54167.36  13.719  0.021
54168.37  13.693  0.042
54168.38  13.674  0.027
54169.32  13.622  0.005
54169.33  13.634  0.005
54170.36  13.622  0.006
54170.37  13.628  0.005
54171.33  13.630  0.005
54171.34  13.670  0.005
54172.33  13.691  0.005
54172.34  13.689  0.005
54175.40  13.863  0.027
54180.31  14.006  0.030
54180.32  13.995  0.024
54183.29  14.098  0.050
54183.30  14.043  0.025
54189.33  13.933  0.011
54189.34  13.942  0.012
54193.28  13.864  0.035
54193.28  13.834  0.019
54196.30  13.786  0.036
54196.31  13.818  0.022
54205.25  13.928  0.024
54205.26  13.951  0.022
54208.30  14.160  0.048
54208.31  14.124  0.025
54217.25  14.663  0.048
54217.26  14.602  0.028
54228.26  15.126  0.039
54228.27  15.024  0.021
54233.21  15.278  0.035
54233.22  15.294  0.035
54238.22  15.411  0.040
54238.22  15.494  0.036
54244.21  15.690  0.038
54244.22  15.754  0.038
54247.20  15.945  0.058
54247.21  15.888  0.046
54255.20  16.254  0.017
54255.21  16.250  0.017
54257.23  16.224  0.071
54257.24  16.222  0.090
filter K
54169.34  13.498  0.017
54169.35  13.541  0.017
54170.38  13.493  0.015
54170.38  13.502  0.014
54171.35  13.500  0.015
54171.35  13.503  0.015
54172.34  13.518  0.015
54172.35  13.503  0.015
54255.22  16.181  0.041
54255.23  16.099  0.041
filter J
54162.26  14.573  0.010
54162.27  14.597  0.014
54164.32  14.071  0.017
54164.33  14.116  0.024
54167.33  13.613  0.013
54167.34  13.636  0.013
54168.35  13.518  0.017
54168.36  13.545  0.015
54169.31  13.479  0.004
54169.32  13.480  0.004
54170.35  13.468  0.004
54170.36  13.450  0.004
54171.32  13.470  0.004
54171.33  13.467  0.004
54172.32  13.481  0.005
54172.32  13.497  0.004
54175.29  13.710  0.013
54175.29  13.744  0.012
54180.29  14.166  0.009
54180.30  14.167  0.010
54183.28  14.672  0.018
54183.28  14.671  0.018
54189.31  15.157  0.012
54189.32  15.122  0.009
54193.26  15.045  0.011
54193.27  15.051  0.016
54196.29  14.942  0.012
54196.29  14.935  0.015
54205.24  14.637  0.013
54205.24  14.635  0.016
54208.28  14.916  0.023
54208.29  14.850  0.022
54217.23  15.692  0.031
54217.24  15.615  0.028
54228.24  16.414  0.025
54228.25  16.399  0.026
54230.32  16.614  0.039
54230.32  16.602  0.042
54233.19  16.796  0.057
54233.20  16.810  0.048
54238.20  16.994  0.043
54238.21  16.941  0.044
54244.19  17.488  0.074
54244.20  17.403  0.065
54247.18  17.618  0.074
54255.19  17.970  0.034
54255.19  18.035  0.032
54257.21  18.334  0.151
54257.22  18.160  0.183
filter r
54165.28  13.969  0.009
54166.32  13.800  0.005
54169.39  13.422  0.006
54170.33  13.362  0.007
54171.37  13.302  0.011
54171.38  13.296  0.007
54172.36  13.263  0.008
54174.36  13.228  0.008
54178.28  13.228  0.007
54179.33  13.282  0.008
54181.30  13.369  0.008
54182.28  13.422  0.011
54185.31  13.653  0.006
54190.30  13.882  0.005
54194.29  13.961  0.006
54197.28  14.035  0.006
54199.23  14.091  0.007
54202.35  14.227  0.007
54204.33  14.360  0.009
54207.25  14.592  0.008
54211.27  14.857  0.006
54213.24  14.942  0.007
54218.27  15.151  0.005
54224.28  15.360  0.007
54226.30  15.421  0.006
54231.30  15.588  0.006
54239.24  15.845  0.006
54246.16  16.053  0.006
54256.18  16.384  0.005
filter u
54165.30  14.670  0.008
54166.30  14.432  0.009
54169.37  14.031  0.008
54170.32  13.960  0.008
54174.35  13.943  0.009
54178.27  14.209  0.008
54179.33  14.334  0.009
54181.31  14.562  0.009
54182.28  14.685  0.009
54185.32  15.065  0.009
54190.28  15.730  0.009
54194.30  16.218  0.012
54197.29  16.551  0.013
54199.24  16.689  0.014
54202.33  16.902  0.012
54204.34  17.038  0.014
54207.26  17.206  0.015
54211.28  17.362  0.017
54213.24  17.417  0.018
54218.26  17.565  0.018
54224.27  17.656  0.027
54239.25  18.003  0.023
54246.17  18.167  0.023
54256.19  18.296  0.038
filter V
54165.31  14.034  0.006
54166.28  13.856  0.005
54169.35  13.445  0.006
54170.30  13.367  0.008
54171.36  13.299  0.008
54172.37  13.242  0.008
54174.33  13.210  0.009
54179.32  13.254  0.008
54181.31  13.323  0.007
54182.29  13.353  0.008
54185.33  13.524  0.007
54190.26  13.849  0.006
54194.30  14.102  0.008
54197.30  14.270  0.007
54199.24  14.374  0.009
54202.32  14.571  0.008
54204.35  14.720  0.007
54207.26  14.929  0.008
54211.28  15.153  0.007
54213.25  15.240  0.008
54218.25  15.406  0.006
54224.29  15.580  0.007
54226.31  15.637  0.007
54231.27  15.747  0.006
54239.25  15.941  0.007
54246.18  16.110  0.007
54256.20  16.350  0.006
filter Y
54162.24  14.666  0.011
54162.25  14.630  0.009
54164.30  14.162  0.011
54164.31  14.155  0.012
54167.31  13.705  0.009
54167.32  13.660  0.014
54168.33  13.647  0.011
54168.34  13.625  0.012
54169.30  13.576  0.004
54169.30  13.585  0.005
54170.34  13.570  0.004
54170.34  13.566  0.005
54171.31  13.585  0.004
54171.31  13.594  0.004
54172.30  13.640  0.004
54172.31  13.653  0.005
54175.30  13.910  0.009
54175.42  13.879  0.008
54180.27  14.221  0.006
54180.28  14.213  0.005
54183.26  14.377  0.009
54189.29  14.253  0.005
54189.30  14.255  0.005
54193.24  14.034  0.006
54193.25  14.013  0.007
54196.27  13.862  0.007
54196.28  13.861  0.007
54205.22  13.518  0.009
54205.23  13.485  0.009
54208.26  13.696  0.012
54208.27  13.663  0.009
54217.21  14.209  0.013
54217.22  14.151  0.014
54223.25  14.482  0.008
54223.26  14.503  0.007
54228.22  14.775  0.010
54228.23  14.777  0.009
54230.30  14.851  0.008
54230.31  14.869  0.008
54233.18  15.045  0.009
54233.19  15.058  0.012
54238.18  15.307  0.012
54238.19  15.307  0.012
54244.18  15.585  0.010
54244.18  15.602  0.010
54247.17  15.734  0.012
54247.18  15.754  0.014
54255.21  16.159  0.009
54255.22  16.174  0.010
54257.19  16.214  0.015
54257.20  16.204  0.020
