SN2012cg 0.001458 186.803458 9.420333
filter Bkait
56064.20  17.280  0.090
56065.20  15.940  0.050
56066.20  15.240  0.030
56067.20  14.830  0.030
56068.20  14.330  0.030
56069.20  13.900  0.030
56070.20  13.500  0.030
56071.20  13.110  0.030
56073.20  12.670  0.030
56075.20  12.360  0.030
56076.20  12.300  0.030
56078.20  12.110  0.030
56079.20  12.090  0.030
56081.20  12.120  0.030
filter ik2
56065.21  15.710  0.010
56067.15  14.760  0.010
56067.30  14.700  0.010
56068.18  14.300  0.070
56068.25  14.310  0.010
56069.14  13.920  0.010
56069.20  13.920  0.010
56070.22  13.570  0.010
56072.21  13.030  0.010
56073.22  12.860  0.010
56075.21  12.590  0.010
56077.19  12.500  0.010
56078.30  12.470  0.030
56081.14  12.520  0.010
56084.25  12.610  0.010
56085.14  12.650  0.010
56086.14  12.670  0.010
56087.17  12.750  0.010
56087.24  12.730  0.010
56088.20  12.810  0.010
56089.17  12.840  0.010
56090.17  12.910  0.010
56092.24  13.090  0.010
56093.14  13.160  0.010
56094.22  13.240  0.010
56096.23  13.330  0.010
56097.23  13.340  0.010
56098.23  13.350  0.010
56100.22  13.310  0.010
56101.25  13.280  0.010
filter Vkait
56064.20  17.150  0.070
56065.20  15.560  0.020
56066.20  14.960  0.020
56067.20  14.580  0.020
56068.20  14.080  0.020
56069.20  13.740  0.020
56070.20  13.360  0.020
56071.20  13.080  0.020
56073.20  12.620  0.020
56075.20  12.360  0.020
56076.20  12.280  0.020
56078.20  12.080  0.020
56079.20  12.120  0.020
56081.20  12.040  0.020
filter Ks2m
56067.20  14.420  0.110
56069.10  13.640  0.080
56070.20  13.330  0.090
56071.20  13.250  0.040
56072.20  13.020  0.020
56077.10  12.550  0.070
56078.20  12.370  0.070
56079.20  12.380  0.040
56080.20  12.410  0.020
56082.20  12.400  0.030
56083.20  12.500  0.040
56084.10  12.530  0.030
56085.20  12.560  0.020
56086.20  12.500  0.080
56088.20  12.790  0.100
filter rk2
56065.21  15.540  0.010
56067.15  14.590  0.010
56067.30  14.520  0.010
56068.19  14.150  0.010
56068.26  14.120  0.010
56069.19  13.740  0.010
56069.21  13.730  0.010
56070.22  13.380  0.010
56072.21  12.860  0.010
56073.22  12.670  0.010
56075.21  12.390  0.010
56077.19  12.270  0.010
56078.30  12.200  0.010
56081.14  12.090  0.010
56084.25  12.080  0.010
56085.14  12.080  0.010
56086.14  12.080  0.010
56087.17  12.130  0.010
56087.24  12.130  0.010
56088.20  12.180  0.010
56089.18  12.220  0.010
56090.18  12.270  0.010
56092.24  12.430  0.010
56093.14  12.480  0.010
56094.23  12.650  0.090
56096.23  12.710  0.010
56097.23  12.730  0.010
56098.23  12.770  0.010
56100.22  12.810  0.010
56101.25  12.840  0.010
filter Vk2
56065.21  15.560  0.010
56067.16  14.600  0.010
56067.30  14.540  0.010
56068.15  14.150  0.010
56068.26  14.130  0.010
56069.20  13.750  0.010
56069.21  13.730  0.010
56070.22  13.380  0.010
56072.21  12.850  0.010
56073.23  12.650  0.010
56075.21  12.370  0.010
56077.19  12.210  0.010
56078.30  12.130  0.030
56081.14  12.020  0.010
56084.25  12.000  0.010
56085.14  12.020  0.010
56086.14  12.020  0.020
56087.17  12.060  0.010
56087.25  12.060  0.010
56088.20  12.090  0.010
56089.18  12.130  0.010
56090.18  12.180  0.010
56092.24  12.270  0.010
56093.15  12.320  0.010
56094.23  12.390  0.010
56096.23  12.530  0.010
56097.23  12.590  0.010
56098.23  12.630  0.010
56100.22  12.740  0.010
56101.25  12.800  0.010
filter uk2
56067.16  15.840  0.030
56067.31  15.830  0.020
56068.20  15.410  0.020
56068.27  15.370  0.020
56069.20  14.810  0.020
56069.21  14.760  0.020
56070.23  14.150  0.020
56072.22  13.300  0.020
56073.23  13.020  0.020
56077.20  12.520  0.020
56084.26  12.630  0.020
56087.25  12.910  0.020
56088.20  13.020  0.020
56089.18  13.100  0.020
56092.25  13.370  0.020
56094.23  13.700  0.020
56096.24  13.960  0.040
56098.23  14.260  0.030
56100.22  15.540  0.040
filter H2m
56067.20  14.420  0.110
56069.10  13.720  0.020
56070.20  13.380  0.020
56071.20  13.150  0.030
56072.20  12.910  0.020
56073.20  12.770  0.020
56074.20  12.590  0.060
56075.20  12.520  0.060
56076.10  12.460  0.080
56078.20  12.530  0.020
56079.20  12.580  0.040
56080.20  12.620  0.050
56082.20  12.760  0.090
56083.20  12.650  0.070
56084.10  12.720  0.030
56085.20  12.820  0.020
56086.20  12.820  0.040
56088.20  12.940  0.020
56089.20  13.000  1.520
filter Bk2
56065.22  15.740  0.020
56067.16  14.820  0.020
56067.31  14.770  0.020
56068.19  14.350  0.020
56068.26  14.320  0.020
56069.20  13.880  0.020
56069.21  13.870  0.020
56070.23  13.460  0.020
56072.21  12.890  0.020
56073.23  12.690  0.020
56075.21  12.440  0.030
56078.31  12.210  0.020
56081.14  12.120  0.020
56084.26  12.150  0.020
56085.14  12.150  0.020
56086.14  12.210  0.020
56087.18  12.240  0.020
56087.25  12.250  0.020
56088.20  12.300  0.020
56089.18  12.360  0.020
56090.18  12.440  0.020
56092.24  12.580  0.030
56093.15  12.640  0.020
56094.23  12.750  0.020
56096.24  12.970  0.030
56097.23  13.080  0.020
56100.22  13.420  0.020
56101.25  13.520  0.020
filter J2m
56067.20  14.360  0.050
56069.10  13.540  0.060
56070.20  13.200  0.080
56071.20  13.010  0.020
56072.20  12.920  0.090
56073.20  12.690  0.020
56075.20  12.440  0.020
56076.10  12.300  0.080
56078.20  12.290  0.040
56079.20  12.260  0.080
56080.20  12.460  0.100
56082.20  12.520  0.070
56083.20  12.520  0.020
56084.10  12.550  0.040
56085.20  12.650  0.030
56086.20  12.820  0.060
56088.20  12.920  0.020
56089.20  13.000  0.030
56090.20  13.170  1.130
