SN2012ht 0.003557 163.344792 16.776361
filter B
56282.35  15.737  0.035
56283.33  15.258  0.037
56285.33  14.405  0.035
56286.34  14.093  0.036
56289.33  13.501  0.040
56290.32  13.382  0.037
56291.32  13.277  0.037
56292.33  13.210  0.039
56295.31  13.111  0.035
56297.30  13.120  0.035
56299.32  13.260  0.037
56300.27  13.271  0.034
56300.28  13.309  0.036
56301.28  13.350  0.033
56304.29  13.619  0.034
56305.31  13.749  0.034
56306.30  13.830  0.031
56307.30  13.992  0.035
56308.27  14.149  0.040
56309.27  14.207  0.037
56310.33  14.334  0.034
56311.33  14.520  0.036
56314.27  14.849  0.035
56315.28  14.946  0.034
56316.25  15.066  0.032
56317.25  15.163  0.035
56318.24  15.277  0.035
56319.24  15.309  0.037
56320.25  15.427  0.036
56322.27  15.581  0.036
56324.22  15.748  0.034
56325.21  15.783  0.034
56326.26  15.820  0.033
56327.28  15.876  0.034
56329.22  15.950  0.031
56330.24  15.992  0.033
56331.21  16.066  0.032
56332.24  16.076  0.031
56336.27  16.205  0.034
56337.27  16.243  0.035
56338.23  16.263  0.032
56339.25  16.277  0.034
56342.22  16.331  0.034
56345.26  16.417  0.034
56352.22  16.568  0.036
56353.24  16.573  0.034
56358.20  16.659  0.036
56365.20  16.776  0.031
56380.15  16.988  0.036
56398.06  17.298  0.035
56424.00  17.787  0.037
filter g
56282.34  15.610  0.029
56283.34  15.104  0.032
56285.33  14.351  0.029
56286.34  14.072  0.031
56289.31  13.478  0.034
56289.32  13.463  0.033
56290.31  13.361  0.031
56291.31  13.248  0.031
56292.33  13.181  0.033
56295.31  13.044  0.031
56297.30  13.049  0.028
56299.32  13.133  0.031
56300.28  13.198  0.030
56300.29  13.179  0.029
56301.28  13.218  0.024
56304.29  13.429  0.028
56305.30  13.521  0.027
56306.31  13.619  0.024
56307.30  13.704  0.030
56308.26  13.842  0.033
56309.26  13.899  0.030
56310.32  14.003  0.030
56311.32  14.097  0.028
56314.25  14.453  0.029
56315.27  14.555  0.026
56316.25  14.617  0.025
56317.25  14.729  0.030
56318.24  14.854  0.029
56319.23  14.938  0.030
56320.24  15.036  0.030
56322.28  15.194  0.028
56324.22  15.326  0.025
56325.20  15.382  0.027
56326.25  15.458  0.025
56327.28  15.485  0.027
56328.25  15.562  0.027
56329.23  15.591  0.025
56330.23  15.670  0.027
56331.20  15.677  0.026
56332.24  15.706  0.025
56336.28  15.840  0.028
56337.28  15.862  0.029
56338.23  15.898  0.027
56339.24  15.928  0.026
56342.23  15.990  0.029
56345.25  16.062  0.028
56352.21  16.189  0.031
56353.23  16.214  0.029
56358.20  16.326  0.030
56365.22  16.443  0.026
56373.21  16.609  0.026
56380.14  16.710  0.027
56388.09  16.834  0.029
56398.07  17.018  0.026
56424.01  17.485  0.026
filter i
56282.34  15.935  0.048
56283.35  15.402  0.048
56285.34  14.627  0.052
56286.34  14.346  0.051
56289.32  13.850  0.052
56290.31  13.708  0.051
56291.31  13.671  0.052
56291.31  13.701  0.052
56292.34  13.724  0.053
56295.32  13.770  0.050
56297.30  13.820  0.048
56299.33  13.938  0.050
56300.28  13.999  0.050
56301.28  14.133  0.039
56304.30  14.425  0.048
56305.31  14.477  0.049
56306.31  14.597  0.040
56307.31  14.530  0.053
56308.26  14.691  0.054
56309.25  14.623  0.051
56310.32  14.552  0.050
56311.32  14.540  0.043
56314.26  14.391  0.052
56315.27  14.417  0.041
56316.25  14.457  0.040
56317.25  14.364  0.052
56318.24  14.399  0.050
56319.23  14.394  0.051
56320.24  14.415  0.052
56322.28  14.478  0.050
56324.23  14.590  0.039
56325.20  14.651  0.049
56326.25  14.751  0.040
56327.29  14.825  0.049
56328.26  14.888  0.049
56329.23  14.966  0.039
56330.23  14.933  0.043
56331.20  15.042  0.041
56332.24  15.133  0.039
56336.28  15.321  0.049
56337.28  15.392  0.050
56338.24  15.444  0.042
56338.24  15.441  0.041
56339.24  15.496  0.040
56342.23  15.642  0.050
56345.26  15.731  0.049
56352.21  16.042  0.052
56353.23  16.005  0.041
56358.21  16.233  0.046
56365.21  16.487  0.041
56373.21  16.805  0.041
56380.13  16.993  0.042
56388.09  17.247  0.052
56398.07  17.592  0.049
56424.01  18.189  0.050
filter H
56284.33  14.568  0.012
56285.36  14.304  0.018
56287.37  13.885  0.014
56288.35  13.751  0.014
56289.31  13.653  0.015
56292.30  13.619  0.022
56293.34  13.735  0.023
56295.31  13.868  0.018
56297.33  13.957  0.020
56318.30  13.918  0.011
56319.28  13.938  0.011
56320.24  13.993  0.013
56327.34  14.390  0.013
56347.21  15.377  0.030
56350.23  15.559  0.028
56354.19  15.798  0.024
56385.19  17.171  0.022
filter r
56282.34  15.617  0.036
56283.35  15.119  0.035
56285.33  14.399  0.042
56286.34  14.088  0.037
56289.31  13.508  0.036
56289.32  13.526  0.040
56290.31  13.414  0.040
56291.31  13.329  0.040
56292.33  13.270  0.039
56295.32  13.159  0.037
56297.31  13.103  0.036
56299.33  13.284  0.039
56300.28  13.285  0.036
56301.28  13.308  0.029
56304.30  13.559  0.035
56305.31  13.673  0.037
56306.31  13.719  0.028
56307.30  13.810  0.038
56308.26  13.834  0.035
56309.26  13.872  0.037
56310.32  13.927  0.038
56311.32  13.858  0.034
56314.26  13.987  0.038
56315.27  14.008  0.031
56316.25  14.031  0.029
56317.25  14.042  0.039
56318.24  14.100  0.038
56319.23  14.146  0.039
56320.24  14.202  0.039
56322.28  14.318  0.039
56324.23  14.520  0.030
56325.20  14.571  0.036
56326.25  14.685  0.029
56327.28  14.708  0.036
56328.26  14.803  0.037
56329.23  14.829  0.030
56330.23  14.932  0.034
56331.20  14.952  0.031
56332.24  15.005  0.029
56336.28  15.162  0.035
56337.28  15.223  0.037
56338.23  15.211  0.033
56339.24  15.312  0.030
56342.23  15.410  0.037
56345.25  15.528  0.038
56352.21  15.795  0.041
56353.23  15.818  0.037
56358.21  15.967  0.034
56365.21  16.238  0.030
56373.21  16.471  0.031
56380.13  16.751  0.030
56388.09  17.025  0.038
56398.07  17.344  0.035
56424.01  18.085  0.036
filter u
56282.34  16.868  0.032
56283.34  16.102  0.033
56285.34  15.021  0.035
56286.34  14.629  0.034
56289.32  13.991  0.033
56290.31  13.896  0.038
56291.31  13.751  0.056
56291.32  13.777  0.039
56292.34  13.765  0.038
56295.32  13.790  0.032
56297.30  13.814  0.032
56299.32  14.054  0.032
56300.29  14.120  0.035
56301.29  14.223  0.033
56305.31  14.652  0.031
56306.31  14.793  0.028
56307.31  14.889  0.034
56310.32  15.401  0.034
56311.32  15.521  0.030
56315.27  16.062  0.030
56316.26  16.130  0.028
56317.26  16.229  0.031
56318.25  16.338  0.032
56319.23  16.454  0.036
56320.24  16.486  0.033
56320.26  16.460  0.034
56322.29  16.590  0.032
56324.23  16.740  0.034
56325.20  16.746  0.030
56326.25  16.846  0.026
56327.29  16.881  0.028
56329.23  16.941  0.026
56330.24  16.968  0.026
56331.20  17.005  0.026
56336.28  17.163  0.028
56337.29  17.167  0.029
56338.24  17.212  0.026
56339.24  17.261  0.026
56342.23  17.312  0.029
56352.22  17.530  0.034
56353.24  17.566  0.033
56358.21  17.766  0.053
56365.21  17.856  0.028
56380.14  18.241  0.043
56398.07  18.736  0.035
56424.02  19.328  0.044
filter V
56282.35  15.534  0.038
56283.34  15.112  0.041
56285.33  14.349  0.041
56286.34  14.092  0.040
56289.32  13.518  0.044
56290.31  13.395  0.042
56291.32  13.274  0.043
56292.33  13.252  0.042
56295.31  13.070  0.040
56297.30  13.056  0.038
56299.32  13.091  0.040
56300.28  13.148  0.038
56301.28  13.161  0.031
56304.29  13.308  0.038
56305.31  13.406  0.039
56306.31  13.470  0.029
56307.30  13.552  0.042
56308.27  13.623  0.041
56309.27  13.699  0.041
56310.33  13.765  0.040
56311.32  13.834  0.035
56314.26  14.053  0.041
56315.28  14.112  0.033
56316.25  14.215  0.033
56317.25  14.244  0.042
56318.24  14.325  0.044
56319.24  14.322  0.044
56320.25  14.458  0.043
56322.28  14.672  0.041
56324.22  14.730  0.032
56325.21  14.780  0.041
56326.26  14.871  0.031
56327.28  14.936  0.040
56328.27  14.942  0.038
56329.22  15.058  0.030
56330.24  15.092  0.031
56331.21  15.111  0.031
56332.24  15.153  0.030
56336.28  15.295  0.039
56337.28  15.362  0.040
56338.23  15.354  0.031
56339.25  15.406  0.030
56342.22  15.471  0.040
56345.26  15.578  0.040
56352.22  15.820  0.044
56353.24  15.799  0.041
56358.20  16.002  0.040
56365.20  16.157  0.031
56380.17  16.482  0.036
56398.06  16.957  0.037
56424.00  17.510  0.037
filter Y
56284.32  14.627  0.019
56285.35  14.315  0.024
56287.36  13.867  0.019
56288.35  13.763  0.021
56289.31  13.646  0.016
56292.29  13.503  0.031
56293.34  13.569  0.022
56295.30  13.706  0.016
56297.34  13.931  0.024
56318.28  13.823  0.012
56319.26  13.772  0.019
56320.24  13.673  0.027
56327.33  13.901  0.019
56347.20  15.086  0.029
56350.22  15.261  0.025
56354.19  15.438  0.023
56385.17  16.817  0.012
filter Jrc2
56284.34  14.555  0.011
56285.36  14.219  0.022
56287.37  13.805  0.011
56288.36  13.666  0.013
56289.31  13.554  0.010
56292.29  13.452  0.023
56293.34  13.482  0.016
56295.32  13.583  0.013
56297.32  13.762  0.011
56318.30  14.885  0.010
56319.28  14.831  0.011
56320.22  14.775  0.011
56327.36  15.169  0.011
56347.21  16.750  0.028
56350.22  16.976  0.019
56354.20  17.277  0.021
