SN2007sr 0.005473 180.470000 -18.972694
filter B
54455.27  13.165  0.005
54456.27  13.251  0.007
54457.30  13.310  0.006
54458.34  13.390  0.007
54462.30  13.810  0.006
54464.34  14.040  0.008
54467.28  14.367  0.007
54468.28  14.470  0.006
54469.32  14.571  0.006
54470.30  14.671  0.007
54476.29  15.206  0.006
54484.29  15.728  0.010
54488.24  15.863  0.011
54490.30  15.917  0.008
54494.35  15.983  0.009
54497.29  16.027  0.009
54499.27  16.057  0.007
54508.36  16.164  0.010
54512.30  16.207  0.009
54515.27  16.237  0.009
54517.27  16.260  0.010
54523.30  16.349  0.008
54527.28  16.396  0.009
54538.25  16.571  0.006
54540.18  16.607  0.010
54542.17  16.633  0.010
54549.22  16.725  0.019
54558.16  16.885  0.012
54566.27  17.017  0.012
54571.17  17.099  0.012
54578.22  17.208  0.009
filter g
54455.26  12.999  0.004
54456.26  13.051  0.004
54457.31  13.101  0.004
54458.34  13.168  0.008
54462.30  13.484  0.005
54464.35  13.665  0.007
54467.27  13.910  0.006
54468.27  13.986  0.006
54469.30  14.083  0.005
54470.29  14.161  0.006
54476.30  14.696  0.006
54484.28  15.252  0.008
54488.23  15.407  0.008
54490.32  15.466  0.005
54494.36  15.553  0.007
54497.28  15.603  0.006
54499.27  15.630  0.005
54508.37  15.768  0.006
54512.29  15.834  0.006
54515.26  15.870  0.007
54517.26  15.896  0.006
54523.29  15.996  0.006
54527.27  16.047  0.006
54538.25  16.214  0.005
54540.18  16.218  0.006
54542.17  16.276  0.007
54549.21  16.396  0.009
54558.15  16.531  0.006
54566.27  16.663  0.007
54571.16  16.747  0.007
54578.23  16.870  0.010
filter i
54455.26  13.664  0.006
54456.26  13.733  0.007
54457.31  13.826  0.005
54458.35  13.942  0.010
54462.31  14.190  0.006
54464.35  14.216  0.009
54467.28  14.130  0.004
54467.28  14.130  0.004
54468.28  14.107  0.007
54469.31  14.049  0.006
54470.29  14.021  0.006
54476.30  13.906  0.006
54484.28  14.331  0.009
54488.24  14.583  0.007
54490.33  14.699  0.004
54494.36  14.873  0.008
54497.29  15.004  0.007
54499.27  15.074  0.006
54508.37  15.444  0.008
54512.30  15.585  0.008
54515.27  15.700  0.007
54517.27  15.759  0.007
54523.29  15.973  0.007
54527.27  16.115  0.010
54538.26  16.470  0.005
54540.18  16.521  0.009
54542.18  16.612  0.010
54549.22  16.819  0.014
54558.16  17.098  0.011
54566.28  17.305  0.011
54571.17  17.422  0.013
54578.24  17.600  0.009
filter H
54454.36  13.718  0.006
54454.37  13.727  0.007
54461.34  13.883  0.006
54461.35  13.874  0.006
54463.36  13.836  0.005
54463.37  13.837  0.005
54465.38  13.767  0.007
54471.37  13.534  0.007
54477.35  13.469  0.005
54485.33  13.880  0.008
54491.39  14.205  0.007
54498.33  14.527  0.008
54503.33  14.764  0.008
54511.30  15.083  0.012
54516.30  15.332  0.018
54522.32  15.566  0.018
54524.29  15.644  0.016
filter J
54454.34  13.794  0.013
54454.35  13.757  0.007
54461.32  14.929  0.010
54461.33  14.895  0.008
54463.34  14.968  0.010
54463.35  14.973  0.008
54465.37  14.959  0.007
54471.37  14.708  0.007
54477.34  14.313  0.006
54485.32  14.630  0.009
54491.38  15.186  0.009
54498.32  15.674  0.011
54503.32  16.021  0.013
54511.29  16.527  0.016
54516.29  16.875  0.031
54522.31  17.137  0.033
54524.28  17.263  0.030
filter r
54455.26  12.924  0.005
54456.26  12.983  0.006
54457.31  13.047  0.005
54458.34  13.136  0.009
54462.31  13.406  0.005
54464.35  13.498  0.007
54467.28  13.540  0.004
54468.28  13.556  0.006
54469.30  13.544  0.004
54470.29  13.552  0.006
54476.30  13.690  0.004
54484.28  14.206  0.007
54488.23  14.429  0.006
54490.33  14.517  0.004
54494.36  14.657  0.006
54497.29  14.762  0.006
54499.27  14.830  0.005
54508.37  15.123  0.007
54512.30  15.261  0.007
54515.26  15.360  0.005
54517.27  15.417  0.006
54523.29  15.620  0.005
54527.27  15.737  0.008
54538.26  16.089  0.004
54540.18  16.131  0.008
54542.17  16.217  0.008
54549.21  16.447  0.011
54558.15  16.723  0.008
54566.28  16.964  0.008
54571.17  17.096  0.009
54578.23  17.291  0.008
filter u
54455.27  14.133  0.013
54456.26  14.241  0.014
54457.30  14.345  0.009
54458.34  14.429  0.012
54462.30  14.936  0.010
54464.35  15.180  0.012
54468.28  15.662  0.018
54469.32  15.819  0.016
54470.29  15.898  0.017
54476.29  16.478  0.013
54484.28  16.924  0.029
54488.24  17.086  0.048
54490.31  17.150  0.013
54494.36  17.260  0.015
54497.29  17.251  0.035
filter V
54455.27  12.856  0.005
54456.27  12.904  0.006
54457.30  12.947  0.005
54458.34  13.000  0.008
54462.30  13.265  0.006
54464.34  13.389  0.005
54467.28  13.537  0.006
54468.28  13.591  0.006
54469.32  13.640  0.006
54470.30  13.686  0.006
54476.28  14.011  0.006
54484.29  14.574  0.010
54488.24  14.734  0.006
54490.29  14.814  0.005
54494.35  14.941  0.007
54497.29  15.025  0.006
54499.27  15.076  0.005
54508.36  15.312  0.006
54512.30  15.407  0.007
54515.27  15.490  0.007
54517.27  15.530  0.007
54523.30  15.686  0.006
54527.27  15.784  0.008
54532.20  15.915  0.020
54538.25  16.051  0.004
54540.18  16.140  0.012
54542.16  16.138  0.008
54549.22  16.298  0.011
54558.16  16.483  0.007
54566.26  16.648  0.009
54571.17  16.750  0.009
54578.20  16.935  0.059
filter Y
54454.33  14.001  0.010
54454.34  13.998  0.010
54461.30  14.221  0.007
54461.31  14.234  0.009
54463.32  14.164  0.007
54463.33  14.160  0.010
54465.36  14.034  0.008
54471.37  13.633  0.007
54477.33  13.185  0.007
54485.31  13.395  0.010
54491.37  13.722  0.006
54498.31  14.133  0.009
54503.31  14.400  0.005
54511.28  14.860  0.010
54516.29  15.101  0.005
54522.29  15.424  0.006
54524.27  15.531  0.009
