SN2003du 0.006384 218.649167 59.334389
filter Ks2m
2452755.41  15.020  0.040
2452768.68  14.380  0.040
2452773.43  14.530  0.040
2452777.46  14.700  0.040
2452778.51  14.750  0.040
2452782.58  14.650  0.040
filter Rs
2452755.39  14.728  0.010
2452755.61  14.672  0.010
2452759.06  13.963  0.015
2452760.17  13.852  0.010
2452760.54  13.754  0.010
2452762.38  13.639  0.022
2452764.46  13.592  0.010
2452765.41  13.569  0.010
2452766.40  13.575  0.011
2452767.51  13.590  0.018
2452769.51  13.600  0.010
2452770.61  13.600  0.010
2452773.59  13.786  0.011
2452774.56  13.838  0.010
2452775.44  13.908  0.011
2452776.45  13.979  0.010
2452777.08  14.040  0.011
2452782.20  14.342  0.011
2452783.49  14.332  0.012
2452784.42  14.350  0.016
2452785.37  14.361  0.012
2452787.45  14.392  0.012
2452789.20  14.493  0.031
2452792.51  14.453  0.019
2452797.58  14.658  0.010
2452801.06  14.881  0.018
2452805.04  15.140  0.013
2452806.04  15.187  0.018
2452811.51  15.415  0.017
2452817.52  15.613  0.011
2452819.04  15.679  0.018
2452821.03  15.776  0.032
2452825.06  15.874  0.011
2452826.38  15.926  0.010
2452829.06  16.010  0.017
2452829.53  16.036  0.011
2452833.19  16.140  0.020
2452838.33  16.275  0.010
2452853.34  16.719  0.011
2452874.40  17.309  0.028
2452875.37  17.379  0.014
2452899.32  18.040  0.023
2452902.38  18.077  0.029
2452909.34  18.330  0.062
2452965.62  19.090  0.120
2452966.63  19.210  0.110
2452968.61  19.330  0.110
2452974.63  19.370  0.120
2452986.75  19.899  0.041
2452993.75  19.979  0.044
2453136.62  22.202  0.044
2453137.62  22.190  0.028
2453179.54  23.010  0.052
filter Is
2452755.39  14.798  0.017
2452755.61  14.756  0.021
2452759.06  14.052  0.017
2452760.17  13.936  0.024
2452760.54  13.921  0.021
2452762.38  13.834  0.023
2452764.46  13.841  0.010
2452765.41  13.857  0.011
2452766.40  13.870  0.010
2452767.51  13.927  0.016
2452769.51  14.009  0.010
2452770.61  13.982  0.016
2452771.51  14.017  0.010
2452773.59  14.205  0.018
2452774.56  14.271  0.010
2452775.44  14.352  0.015
2452776.45  14.443  0.011
2452777.08  14.448  0.010
2452782.20  14.588  0.017
2452783.49  14.626  0.031
2452784.42  14.611  0.010
2452785.37  14.594  0.010
2452787.45  14.464  0.018
2452789.20  14.451  0.014
2452792.51  14.410  0.027
2452797.58  14.451  0.019
2452801.06  14.540  0.035
2452805.04  14.829  0.024
2452806.04  14.929  0.018
2452811.51  15.265  0.010
2452817.52  15.584  0.022
2452819.04  15.633  0.038
2452821.03  15.715  0.039
2452825.06  15.920  0.022
2452826.38  16.026  0.019
2452829.06  16.096  0.029
2452829.53  16.138  0.017
2452830.06  16.194  0.045
2452833.19  16.270  0.030
2452838.33  16.477  0.012
2452853.34  17.010  0.011
2452875.37  17.756  0.018
2452899.32  18.454  0.075
2452902.38  18.329  0.020
2452909.34  18.570  0.067
2452986.75  19.673  0.031
2452993.75  19.910  0.033
2453136.62  21.192  0.029
2453137.62  21.320  0.030
2453179.54  21.720  0.038
2453232.39  22.212  0.048
filter Vk
2452758.33  14.087  0.016
2452763.32  13.607  0.017
2452763.34  13.598  0.020
2452764.31  13.588  0.012
2452767.19  13.568  0.011
2452783.16  14.272  0.026
2452783.17  14.272  0.024
2452783.18  14.276  0.020
2452783.18  14.207  0.029
2452783.19  14.301  0.016
2452783.20  14.274  0.019
2452788.27  14.541  0.015
2452792.26  14.746  0.026
2452794.24  14.874  0.018
2452810.21  15.693  0.019
2452815.24  15.851  0.015
2452816.20  15.854  0.013
2452819.20  15.946  0.013
2452822.17  16.041  0.016
2452824.26  16.080  0.012
2452826.18  16.134  0.014
2452829.23  16.214  0.017
filter Bk
2452757.33  14.117  0.027
2452757.34  14.138  0.025
2452758.32  13.917  0.036
2452758.33  13.955  0.022
2452763.33  13.493  0.034
2452764.31  13.478  0.021
2452767.19  13.362  0.032
2452769.22  13.601  0.030
2452787.30  15.135  0.016
2452792.26  15.607  0.031
2452794.24  15.786  0.022
2452815.24  16.666  0.025
2452816.19  16.656  0.016
2452819.20  16.730  0.016
2452821.23  16.815  0.034
2452822.17  16.808  0.026
2452824.26  16.821  0.016
2452826.17  16.851  0.017
filter H2m
2452755.41  15.020  0.040
2452768.68  14.660  0.040
2452773.43  14.770  0.040
2452777.46  14.860  0.040
2452778.51  14.860  0.040
2452782.58  14.850  0.040
filter Vs
2452755.39  14.854  0.014
2452755.61  14.774  0.010
2452759.06  14.072  0.022
2452760.17  13.920  0.012
2452760.54  13.860  0.010
2452762.38  13.712  0.027
2452764.46  13.614  0.018
2452765.41  13.595  0.019
2452766.40  13.566  0.025
2452767.51  13.575  0.014
2452769.51  13.587  0.021
2452770.61  13.620  0.016
2452771.51  13.642  0.017
2452773.59  13.712  0.010
2452774.56  13.758  0.010
2452775.44  13.795  0.011
2452776.45  13.842  0.010
2452777.08  13.862  0.010
2452782.20  14.186  0.010
2452783.49  14.268  0.028
2452784.42  14.302  0.014
2452785.37  14.350  0.013
2452787.45  14.463  0.017
2452792.51  14.724  0.010
2452797.58  15.018  0.014
2452801.06  15.223  0.047
2452805.04  15.477  0.131
2452806.04  15.473  0.011
2452811.51  15.676  0.010
2452817.52  15.859  0.015
2452819.04  15.892  0.012
2452821.03  15.924  0.018
2452825.06  16.046  0.019
2452826.38  16.088  0.016
2452829.06  16.159  0.036
2452829.53  16.173  0.010
2452833.19  16.290  0.020
2452838.33  16.410  0.015
2452853.34  16.769  0.011
2452874.40  17.266  0.026
2452875.37  17.281  0.012
2452899.32  17.780  0.021
2452902.38  17.851  0.017
2452909.34  17.956  0.043
2452965.62  18.670  0.100
2452966.63  18.930  0.060
2452968.61  18.950  0.050
2452974.63  19.090  0.100
2452986.75  19.313  0.012
2452993.75  19.419  0.011
2453136.62  21.453  0.020
2453137.62  21.493  0.018
2453179.54  22.010  0.026
2453229.43  22.827  0.026
filter Bs
2452755.39  14.737  0.018
2452755.61  14.629  0.010
2452759.06  13.974  0.014
2452760.17  13.820  0.024
2452760.54  13.719  0.018
2452762.38  13.589  0.021
2452764.46  13.496  0.010
2452765.41  13.489  0.012
2452766.40  13.489  0.019
2452767.51  13.506  0.015
2452769.51  13.566  0.010
2452770.61  13.605  0.010
2452771.51  13.643  0.011
2452773.59  13.764  0.010
2452774.56  13.845  0.011
2452775.44  13.908  0.010
2452776.45  14.004  0.014
2452777.08  14.066  0.018
2452782.20  14.596  0.013
2452783.49  14.722  0.023
2452784.42  14.833  0.014
2452785.37  14.942  0.012
2452786.38  15.043  0.011
2452787.45  15.146  0.014
2452792.51  15.648  0.010
2452797.58  16.041  0.011
2452801.06  16.363  0.085
2452806.04  16.472  0.036
2452811.51  16.606  0.021
2452817.52  16.727  0.011
2452819.04  16.745  0.023
2452821.03  16.753  0.039
2452825.06  16.835  0.016
2452829.53  16.924  0.011
2452838.33  17.082  0.015
2452853.34  17.319  0.010
2452874.40  17.618  0.030
2452875.37  17.688  0.011
2452899.32  17.961  0.022
2452902.38  18.059  0.012
2452909.34  18.114  0.021
2452965.62  18.660  0.100
2452966.63  18.990  0.060
2452968.61  18.900  0.040
2452974.63  19.020  0.070
2452986.75  19.304  0.016
2452993.75  19.384  0.010
2453136.62  21.476  0.019
2453137.62  21.531  0.011
2453179.54  22.100  0.044
2453229.43  22.771  0.027
filter J2m
2452755.41  14.960  0.040
2452768.68  14.420  0.040
2452773.43  14.920  0.040
2452777.46  15.670  0.040
2452778.51  15.840  0.040
2452782.58  16.120  0.040
