SN2012fr 0.005453 53.400417 -36.126111
filter B
56230.20  14.071  0.024
56230.20  14.066  0.027
56231.20  13.524  0.025
56232.19  13.126  0.025
56233.11  12.846  0.026
56234.17  12.621  0.026
56235.12  12.455  0.027
56235.12  12.476  0.027
56235.12  12.462  0.027
56235.12  12.479  0.028
56235.12  12.479  0.028
56235.13  12.478  0.027
56235.13  12.465  0.026
56236.18  12.363  0.028
56236.19  12.333  0.028
56238.22  12.151  0.029
56238.22  12.113  0.030
56239.19  12.076  0.026
56239.19  12.109  0.027
56241.16  12.021  0.025
56242.15  12.051  0.027
56243.13  12.018  0.030
56244.15  12.060  0.028
56245.11  12.057  0.030
56246.14  12.102  0.028
56247.15  12.140  0.029
56248.12  12.168  0.029
56249.16  12.237  0.029
56250.17  12.294  0.030
56251.14  12.342  0.033
56252.02  12.399  0.025
56252.32  12.416  0.025
56253.02  12.469  0.025
56253.20  12.480  0.025
56254.14  12.544  0.026
56255.16  12.646  0.026
56256.10  12.745  0.030
56257.09  12.835  0.028
56258.13  12.891  0.028
56259.09  13.000  0.030
56261.11  13.174  0.027
56262.15  13.268  0.027
56263.15  13.392  0.028
56264.18  13.464  0.027
56265.13  13.543  0.027
56266.15  13.642  0.028
56267.16  13.727  0.037
56267.16  13.717  0.038
56267.16  13.719  0.040
56267.16  13.762  0.038
56268.24  13.817  0.027
56269.29  13.900  0.029
56270.24  13.982  0.027
56271.25  14.080  0.030
56272.24  14.105  0.029
56273.21  14.165  0.028
56274.19  14.258  0.028
56275.22  14.340  0.030
56276.25  14.401  0.030
56278.11  14.486  0.028
56279.24  14.545  0.036
56280.23  14.608  0.026
56281.18  14.646  0.025
56282.27  14.730  0.026
56283.18  14.747  0.026
56284.21  14.784  0.025
56285.15  14.828  0.027
56286.16  14.859  0.027
56288.24  14.908  0.026
56289.09  14.906  0.038
56292.14  14.963  0.027
56293.19  14.969  0.026
56294.17  14.999  0.026
56295.15  15.006  0.026
56296.11  15.016  0.025
56297.16  15.039  0.025
56299.19  15.066  0.024
56305.11  15.157  0.025
56308.04  15.205  0.027
56311.11  15.250  0.028
56314.09  15.303  0.027
56315.13  15.335  0.028
56316.06  15.329  0.028
56317.09  15.343  0.027
56320.08  15.408  0.028
56321.06  15.426  0.028
56322.10  15.450  0.028
56323.13  15.439  0.027
56324.06  15.474  0.027
56325.06  15.475  0.028
56326.09  15.512  0.028
56327.05  15.502  0.028
56328.08  15.534  0.027
56329.06  15.568  0.028
56330.04  15.616  0.030
56331.02  15.596  0.027
56332.02  15.603  0.027
56336.07  15.663  0.028
56337.07  15.700  0.028
56340.08  15.725  0.028
56343.08  15.806  0.028
56346.10  15.839  0.029
56351.08  15.904  0.026
56354.04  15.975  0.029
56357.05  16.005  0.027
56360.01  16.066  0.027
56364.03  16.142  0.027
56366.00  16.166  0.027
56368.00  16.176  0.027
56370.04  16.227  0.026
56371.99  16.237  0.026
56376.01  16.309  0.026
56379.01  16.354  0.027
56381.99  16.412  0.026
56384.98  16.435  0.026
56387.97  16.480  0.030
56397.97  16.636  0.029
56402.96  16.697  0.030
56445.43  17.333  0.029
56575.17  19.206  0.035
56575.18  19.218  0.035
56578.16  19.273  0.036
56578.17  19.252  0.036
56584.23  19.272  0.050
56584.23  19.305  0.050
filter g
56230.17  13.985  0.011
56230.17  13.984  0.010
56230.22  13.945  0.009
56230.22  13.952  0.009
56231.20  13.458  0.011
56232.19  13.098  0.010
56233.12  12.841  0.010
56235.09  12.465  0.011
56235.09  12.446  0.011
56235.09  12.452  0.011
56235.10  12.458  0.011
56235.10  12.457  0.011
56235.10  12.448  0.011
56235.10  12.450  0.011
56236.19  12.310  0.012
56236.19  12.312  0.012
56239.17  12.057  0.009
56239.17  12.057  0.009
56239.17  12.058  0.009
56239.17  12.063  0.009
56239.17  12.058  0.009
56241.17  12.001  0.015
56242.13  11.994  0.010
56243.12  11.985  0.012
56244.15  11.988  0.011
56245.10  12.004  0.013
56246.13  12.010  0.011
56247.14  12.044  0.012
56248.12  12.072  0.011
56249.16  12.109  0.011
56250.16  12.153  0.014
56251.13  12.213  0.015
56252.03  12.254  0.011
56252.32  12.269  0.009
56253.02  12.308  0.009
56253.21  12.324  0.009
56254.14  12.370  0.011
56255.17  12.464  0.013
56256.10  12.528  0.013
56257.10  12.612  0.012
56258.12  12.692  0.011
56259.09  12.749  0.010
56261.12  12.885  0.009
56261.13  12.890  0.009
56262.15  12.959  0.012
56263.14  13.022  0.009
56264.19  13.114  0.010
56265.13  13.171  0.011
56266.14  13.234  0.011
56267.15  13.308  0.012
56268.23  13.382  0.009
56269.28  13.451  0.010
56270.24  13.518  0.010
56271.24  13.590  0.012
56272.23  13.674  0.011
56273.21  13.731  0.011
56274.19  13.806  0.011
56275.21  13.880  0.011
56276.25  13.966  0.012
56278.10  14.104  0.011
56279.24  14.165  0.011
56280.22  14.229  0.010
56281.17  14.275  0.010
56282.26  14.330  0.010
56283.18  14.384  0.011
56284.22  14.423  0.009
56285.15  14.466  0.011
56286.15  14.492  0.011
56288.22  14.548  0.010
56289.10  14.574  0.012
56292.15  14.642  0.011
56293.19  14.656  0.012
56294.18  14.687  0.009
56295.16  14.692  0.009
56296.10  14.718  0.010
56297.17  14.738  0.009
56299.19  14.774  0.009
56305.10  14.881  0.010
56308.05  14.928  0.013
56311.11  14.982  0.011
56314.09  15.039  0.011
56315.13  15.057  0.010
56316.06  15.066  0.010
56317.08  15.085  0.012
56320.07  15.131  0.009
56321.05  15.152  0.010
56322.08  15.153  0.011
56323.12  15.178  0.010
56324.06  15.198  0.010
56325.06  15.214  0.011
56326.08  15.231  0.011
56327.06  15.255  0.010
56328.07  15.269  0.009
56329.05  15.279  0.011
56330.05  15.296  0.010
56331.03  15.313  0.010
56332.02  15.324  0.010
56336.05  15.389  0.010
56337.07  15.420  0.009
56340.07  15.464  0.011
56343.07  15.507  0.009
56346.10  15.535  0.012
56351.08  15.627  0.010
56354.05  15.676  0.010
56357.05  15.736  0.009
56360.01  15.772  0.009
56364.03  15.838  0.010
56366.00  15.870  0.009
56368.01  15.894  0.009
56369.01  15.909  0.010
56370.05  15.919  0.009
56372.00  15.942  0.014
56375.99  16.010  0.009
56379.01  16.049  0.011
56381.99  16.102  0.009
56384.99  16.141  0.009
56387.98  16.181  0.010
56397.98  16.336  0.015
56402.97  16.392  0.012
56411.96  16.524  0.013
56445.44  16.992  0.013
56575.18  18.742  0.047
56575.18  18.743  0.048
56578.18  18.845  0.047
56578.18  18.856  0.047
56581.30  18.853  0.013
56583.34  18.802  0.027
56584.20  18.904  0.034
56584.21  18.906  0.029
56585.18  18.846  0.038
56585.20  18.844  0.037
56586.30  18.864  0.025
56594.27  19.006  0.013
56609.20  19.230  0.027
56620.13  19.356  0.020
56648.25  19.881  0.027
filter i
56230.21  14.583  0.010
56230.21  14.571  0.009
56230.21  14.576  0.009
56231.21  14.034  0.012
56231.21  14.028  0.011
56232.20  13.643  0.010
56232.20  13.646  0.009
56233.12  13.369  0.010
56234.16  13.136  0.012
56235.11  13.046  0.014
56235.11  13.053  0.014
56235.11  13.040  0.014
56235.11  13.028  0.013
56235.11  13.034  0.012
56235.11  13.037  0.014
56235.11  13.026  0.013
56236.20  12.960  0.013
56236.20  12.941  0.013
56238.23  12.845  0.013
56238.23  12.867  0.013
56239.15  12.849  0.011
56239.15  12.847  0.009
56239.15  12.850  0.011
56239.15  12.842  0.010
56239.15  12.843  0.010
56241.17  12.842  0.009
56242.14  12.851  0.010
56243.12  12.888  0.017
56244.16  12.913  0.011
56245.11  12.920  0.018
56246.13  12.946  0.014
56247.15  12.966  0.015
56248.12  13.043  0.013
56249.17  13.060  0.012
56250.17  13.094  0.016
56251.13  13.164  0.013
56252.03  13.219  0.009
56252.31  13.229  0.010
56252.31  13.214  0.010
56253.03  13.287  0.009
56253.21  13.310  0.009
56254.15  13.378  0.011
56255.17  13.475  0.014
56256.11  13.571  0.014
56257.10  13.658  0.013
56258.12  13.712  0.012
56259.09  13.732  0.012
56261.12  13.761  0.010
56261.12  13.747  0.010
56262.16  13.759  0.013
56263.14  13.714  0.011
56264.19  13.683  0.011
56265.13  13.648  0.013
56266.14  13.632  0.011
56267.15  13.579  0.013
56268.23  13.554  0.009
56269.28  13.518  0.013
56270.23  13.470  0.012
56271.24  13.429  0.013
56272.23  13.425  0.010
56272.24  13.422  0.010
56272.24  13.421  0.011
56273.21  13.411  0.012
56274.19  13.374  0.011
56275.21  13.375  0.014
56276.25  13.388  0.014
56278.10  13.477  0.012
56279.25  13.546  0.013
56280.23  13.633  0.010
56281.17  13.694  0.010
56282.26  13.789  0.009
56283.17  13.850  0.012
56284.22  13.910  0.010
56285.16  13.960  0.011
56286.15  14.009  0.012
56288.22  14.127  0.011
56289.10  14.158  0.013
56292.15  14.299  0.012
56293.19  14.348  0.015
56294.18  14.407  0.011
56295.16  14.435  0.012
56296.10  14.476  0.012
56297.17  14.518  0.008
56299.19  14.608  0.008
56305.10  14.840  0.010
56308.05  14.940  0.015
56311.11  15.059  0.014
56314.10  15.176  0.011
56315.14  15.239  0.021
56316.06  15.247  0.011
56317.08  15.265  0.014
56320.07  15.367  0.011
56321.06  15.418  0.011
56322.09  15.432  0.013
56323.12  15.480  0.014
56324.07  15.515  0.011
56325.07  15.531  0.014
56326.09  15.574  0.011
56327.06  15.626  0.011
56328.07  15.663  0.013
56329.05  15.681  0.014
56330.05  15.709  0.014
56332.02  15.779  0.013
56336.06  15.895  0.013
56337.07  15.941  0.013
56340.07  16.012  0.015
56343.08  16.099  0.013
56346.10  16.193  0.017
56351.09  16.349  0.013
56354.05  16.430  0.017
56357.05  16.543  0.014
56360.01  16.605  0.016
56364.03  16.740  0.015
56366.01  16.748  0.016
56368.01  16.799  0.017
56369.01  16.822  0.017
56370.05  16.881  0.015
56372.00  16.904  0.016
56376.00  17.021  0.016
56379.02  17.051  0.018
56382.00  17.142  0.016
56384.99  17.206  0.016
56387.98  17.279  0.018
56397.98  17.474  0.020
56402.97  17.573  0.019
56445.44  18.183  0.089
56575.19  19.740  0.050
56575.19  19.781  0.050
56578.17  19.765  0.048
56578.17  19.778  0.048
56581.31  19.745  0.121
56583.35  19.684  0.056
56584.20  19.908  0.070
56585.18  19.836  0.078
56585.21  19.791  0.065
56586.31  19.751  0.062
56594.28  19.905  0.036
56601.26  19.938  0.039
56620.15  20.156  0.047
56648.26  20.519  0.059
filter H
56231.34  13.711  0.031
56232.37  13.505  0.029
56233.36  13.267  0.029
56234.21  13.148  0.061
56234.35  13.205  0.029
56235.24  13.094  0.061
56235.34  13.070  0.031
56236.17  12.974  0.062
56237.10  12.990  0.061
56241.37  13.040  0.027
56244.37  13.134  0.027
56246.36  13.184  0.029
56248.37  13.232  0.028
56249.37  13.311  0.030
56251.35  13.392  0.040
56252.34  13.383  0.027
56253.19  13.383  0.027
56254.18  13.440  0.027
56256.34  13.463  0.028
56258.09  13.444  0.062
56259.10  13.398  0.061
56264.09  13.287  0.027
56265.10  13.254  0.030
56266.11  13.218  0.030
56281.07  13.290  0.027
56284.10  13.502  0.027
56287.25  13.698  0.028
56293.12  13.909  0.030
56295.06  13.972  0.027
56296.04  14.041  0.027
56296.13  14.041  0.030
56297.16  14.085  0.030
56298.02  14.129  0.027
56304.04  14.354  0.029
56318.10  14.955  0.035
56326.07  15.280  0.029
56327.06  15.293  0.061
56342.11  15.926  0.063
56343.09  16.028  0.054
56345.07  16.092  0.033
56346.05  16.122  0.034
56349.08  16.134  0.064
56352.08  16.223  0.062
56378.01  16.897  0.045
56382.03  16.984  0.044
56583.14  18.352  0.048
filter J
56231.34  13.605  0.033
56232.37  13.301  0.020
56233.36  13.070  0.020
56234.35  12.939  0.020
56235.34  12.837  0.020
56241.36  12.779  0.025
56244.37  12.908  0.020
56246.36  13.058  0.020
56248.37  13.185  0.020
56249.37  13.293  0.020
56251.36  13.550  0.020
56252.34  13.646  0.020
56256.34  14.341  0.020
56281.06  13.902  0.020
56296.05  15.057  0.033
56298.03  15.139  0.020
56304.04  15.568  0.020
filter r
56230.20  14.080  0.009
56230.20  14.079  0.008
56231.20  13.614  0.010
56231.21  13.609  0.010
56232.19  13.262  0.009
56232.20  13.248  0.009
56233.12  13.022  0.009
56234.15  12.778  0.012
56235.10  12.645  0.011
56235.10  12.653  0.011
56235.10  12.642  0.011
56235.10  12.633  0.011
56235.10  12.650  0.012
56235.10  12.656  0.013
56235.10  12.647  0.012
56236.19  12.533  0.013
56236.20  12.515  0.012
56238.23  12.298  0.010
56239.15  12.246  0.009
56239.16  12.256  0.010
56239.16  12.244  0.009
56239.16  12.252  0.009
56239.16  12.248  0.009
56241.17  12.149  0.009
56242.14  12.107  0.008
56243.12  12.084  0.012
56244.16  12.075  0.009
56245.10  12.061  0.015
56246.13  12.093  0.014
56247.15  12.096  0.011
56248.12  12.116  0.010
56249.16  12.148  0.009
56250.16  12.227  0.014
56251.13  12.253  0.014
56252.03  12.328  0.011
56252.33  12.322  0.008
56253.02  12.380  0.009
56253.21  12.387  0.008
56254.15  12.456  0.010
56255.17  12.554  0.013
56256.11  12.623  0.013
56257.10  12.682  0.013
56258.12  12.755  0.011
56259.09  12.808  0.009
56261.12  12.874  0.009
56262.15  12.901  0.012
56263.14  12.916  0.009
56264.19  12.920  0.009
56265.13  12.921  0.011
56266.14  12.922  0.010
56267.15  12.915  0.013
56268.23  12.926  0.008
56269.28  12.930  0.010
56270.24  12.946  0.010
56271.24  12.950  0.011
56272.23  12.983  0.010
56273.21  12.995  0.011
56274.19  13.034  0.010
56275.21  13.082  0.012
56276.25  13.141  0.010
56278.10  13.244  0.011
56279.24  13.334  0.010
56280.22  13.409  0.010
56281.17  13.456  0.009
56282.26  13.539  0.008
56283.18  13.595  0.010
56284.22  13.645  0.008
56285.15  13.698  0.012
56286.14  13.749  0.011
56286.15  13.745  0.010
56288.23  13.816  0.009
56289.10  13.846  0.011
56292.15  13.960  0.010
56293.19  14.005  0.011
56294.18  14.040  0.009
56295.17  14.070  0.010
56296.10  14.088  0.011
56297.18  14.136  0.008
56299.18  14.207  0.009
56305.10  14.398  0.009
56308.05  14.496  0.014
56311.11  14.588  0.011
56314.09  14.682  0.010
56315.14  14.718  0.010
56316.06  14.743  0.010
56317.08  14.769  0.011
56320.07  14.866  0.009
56321.05  14.894  0.009
56322.09  14.920  0.011
56323.12  14.947  0.011
56324.07  14.997  0.009
56325.06  15.023  0.011
56326.08  15.057  0.010
56327.06  15.093  0.009
56328.07  15.117  0.009
56329.05  15.134  0.011
56330.05  15.188  0.010
56331.03  15.206  0.010
56332.02  15.238  0.009
56336.05  15.353  0.010
56337.07  15.409  0.009
56340.07  15.466  0.012
56343.07  15.559  0.010
56346.10  15.657  0.011
56351.08  15.793  0.010
56354.05  15.897  0.011
56357.05  15.990  0.011
56360.01  16.058  0.011
56364.03  16.177  0.010
56366.01  16.227  0.011
56368.01  16.274  0.013
56369.01  16.305  0.013
56370.05  16.345  0.012
56372.00  16.395  0.012
56376.00  16.518  0.013
56379.02  16.575  0.013
56381.99  16.666  0.012
56384.99  16.748  0.012
56387.98  16.830  0.013
56397.98  17.085  0.016
56402.97  17.195  0.014
56411.96  17.405  0.020
56445.44  18.133  0.040
56575.18  20.614  0.039
56575.19  20.622  0.038
56578.18  20.615  0.036
56578.18  20.620  0.037
56581.31  20.714  0.095
56594.27  20.813  0.049
56620.13  21.287  0.067
filter u
56230.21  14.985  0.016
56230.22  14.975  0.015
56231.21  14.220  0.017
56232.20  13.695  0.017
56232.20  13.688  0.016
56233.11  13.351  0.018
56234.13  13.061  0.019
56235.08  12.873  0.018
56235.08  12.895  0.017
56235.08  12.898  0.016
56235.08  12.901  0.017
56235.09  12.896  0.017
56235.09  12.895  0.017
56235.09  12.901  0.017
56236.19  12.773  0.018
56236.19  12.758  0.017
56238.22  12.579  0.019
56238.22  12.594  0.017
56239.17  12.548  0.015
56239.18  12.561  0.015
56239.18  12.566  0.015
56239.18  12.565  0.015
56239.18  12.564  0.015
56241.18  12.559  0.015
56242.14  12.582  0.016
56243.13  12.621  0.019
56244.16  12.649  0.015
56245.11  12.687  0.019
56246.13  12.734  0.017
56247.15  12.776  0.018
56248.13  12.833  0.015
56249.17  12.890  0.016
56250.17  12.967  0.021
56251.13  13.053  0.019
56252.03  13.110  0.019
56252.32  13.125  0.016
56253.03  13.208  0.016
56253.21  13.222  0.016
56254.15  13.329  0.017
56255.17  13.434  0.018
56256.11  13.537  0.018
56257.10  13.655  0.018
56258.12  13.765  0.018
56259.09  13.884  0.018
56261.12  14.096  0.016
56262.16  14.240  0.016
56263.15  14.334  0.015
56264.19  14.445  0.016
56265.14  14.523  0.017
56266.15  14.630  0.016
56267.15  14.726  0.017
56268.24  14.816  0.015
56269.28  14.912  0.017
56270.24  14.985  0.015
56271.24  15.065  0.017
56272.24  15.125  0.015
56273.22  15.209  0.016
56274.19  15.284  0.016
56275.22  15.341  0.017
56276.25  15.409  0.017
56278.11  15.520  0.016
56279.24  15.581  0.017
56280.22  15.617  0.016
56281.17  15.648  0.015
56282.26  15.683  0.016
56283.18  15.736  0.016
56284.22  15.754  0.016
56285.16  15.806  0.016
56286.15  15.820  0.017
56288.23  15.860  0.017
56289.11  15.877  0.017
56292.15  15.950  0.016
56293.20  15.944  0.016
56294.18  15.958  0.015
56295.16  15.963  0.016
56296.10  15.988  0.016
56297.17  16.010  0.015
56299.18  16.041  0.016
56305.10  16.134  0.016
56308.05  16.188  0.017
56311.12  16.253  0.017
56314.10  16.289  0.016
56315.14  16.297  0.019
56316.06  16.351  0.017
56317.08  16.369  0.017
56320.07  16.420  0.018
56321.06  16.439  0.017
56322.09  16.470  0.016
56323.12  16.472  0.016
56324.07  16.492  0.016
56325.07  16.532  0.016
56326.09  16.540  0.016
56327.06  16.544  0.017
56328.07  16.588  0.017
56329.06  16.602  0.016
56330.05  16.620  0.017
56331.03  16.651  0.016
56332.03  16.663  0.016
56336.06  16.758  0.016
56337.08  16.794  0.017
56340.07  16.840  0.016
56343.07  16.922  0.017
56346.11  17.012  0.027
56351.09  17.088  0.018
56354.06  17.163  0.016
56357.06  17.242  0.017
56360.02  17.300  0.016
56364.04  17.396  0.018
56366.01  17.449  0.017
56368.01  17.506  0.017
56369.02  17.500  0.017
56370.06  17.524  0.032
56372.01  17.551  0.018
56376.00  17.683  0.022
56379.03  17.724  0.025
56385.00  17.852  0.019
56387.99  17.933  0.021
56397.98  18.100  0.030
56578.19  21.220  0.048
filter V
56230.18  13.992  0.012
56230.19  13.997  0.011
56230.19  13.990  0.010
56230.19  13.990  0.015
56231.19  13.532  0.012
56231.19  13.526  0.011
56231.19  13.528  0.011
56232.19  13.178  0.009
56233.13  12.931  0.010
56234.17  12.707  0.011
56235.11  12.533  0.013
56235.11  12.531  0.011
56235.11  12.559  0.011
56235.11  12.562  0.012
56235.12  12.561  0.013
56235.12  12.568  0.013
56235.12  12.569  0.013
56236.19  12.413  0.013
56236.19  12.417  0.013
56238.21  12.190  0.013
56238.22  12.196  0.015
56239.18  12.126  0.010
56239.19  12.131  0.010
56239.19  12.131  0.011
56239.19  12.131  0.010
56239.19  12.128  0.011
56241.16  12.051  0.010
56242.15  12.016  0.011
56243.13  12.002  0.012
56244.15  11.994  0.010
56245.11  11.981  0.016
56246.14  12.000  0.013
56247.15  12.015  0.012
56248.12  12.035  0.010
56249.16  12.060  0.011
56250.17  12.118  0.016
56250.17  12.102  0.017
56251.13  12.141  0.015
56252.02  12.182  0.013
56252.32  12.193  0.010
56253.02  12.237  0.010
56253.20  12.265  0.011
56254.14  12.311  0.010
56255.16  12.390  0.013
56256.10  12.433  0.015
56257.09  12.497  0.012
56258.13  12.582  0.013
56259.09  12.629  0.011
56261.11  12.714  0.011
56261.11  12.716  0.010
56262.15  12.772  0.012
56263.15  12.791  0.011
56264.19  12.837  0.011
56265.13  12.885  0.012
56266.15  12.896  0.011
56267.16  12.935  0.013
56268.24  12.985  0.010
56269.29  13.028  0.013
56270.24  13.065  0.011
56271.24  13.116  0.013
56272.24  13.141  0.012
56273.21  13.186  0.012
56274.19  13.250  0.012
56275.22  13.305  0.014
56276.25  13.371  0.013
56278.11  13.515  0.011
56279.24  13.587  0.013
56280.23  13.667  0.012
56281.18  13.716  0.011
56282.27  13.784  0.009
56283.18  13.831  0.011
56284.22  13.897  0.009
56285.15  13.938  0.013
56286.16  13.973  0.012
56288.23  14.041  0.011
56289.10  14.079  0.012
56292.14  14.184  0.011
56293.19  14.205  0.011
56294.18  14.245  0.011
56295.15  14.266  0.011
56296.11  14.294  0.013
56297.17  14.319  0.009
56299.19  14.374  0.009
56305.11  14.547  0.011
56308.04  14.623  0.013
56311.11  14.700  0.012
56314.09  14.781  0.011
56315.13  14.815  0.012
56316.06  14.825  0.011
56317.09  14.850  0.012
56320.08  14.929  0.011
56321.06  14.947  0.011
56322.10  14.968  0.012
56323.13  14.986  0.013
56324.07  15.022  0.012
56325.06  15.033  0.012
56326.09  15.055  0.011
56327.05  15.083  0.011
56328.08  15.119  0.011
56329.06  15.120  0.013
56330.05  15.165  0.013
56331.02  15.175  0.011
56332.02  15.192  0.011
56336.07  15.288  0.011
56337.06  15.320  0.011
56340.08  15.390  0.012
56343.08  15.432  0.011
56346.10  15.510  0.014
56351.08  15.593  0.011
56354.04  15.676  0.013
56357.05  15.731  0.011
56360.01  15.780  0.011
56364.03  15.850  0.011
56366.00  15.897  0.011
56368.00  15.932  0.011
56370.04  15.978  0.010
56371.99  16.000  0.011
56376.01  16.081  0.010
56379.01  16.124  0.012
56381.98  16.194  0.011
56384.98  16.237  0.011
56387.97  16.270  0.012
56397.97  16.484  0.018
56402.97  16.542  0.013
56445.44  17.177  0.014
56575.17  19.083  0.065
56575.17  19.065  0.065
56578.16  19.117  0.065
56578.16  19.133  0.065
56581.32  19.096  0.019
56583.34  19.055  0.044
56584.22  19.090  0.077
56584.22  19.157  0.036
56585.17  19.058  0.060
56585.21  19.194  0.069
56586.32  19.084  0.033
56594.26  19.181  0.018
56601.28  19.273  0.025
56648.27  20.090  0.039
filter Y
56231.34  13.631  0.027
56232.37  13.358  0.022
56233.36  13.153  0.022
56234.20  13.061  0.025
56234.36  13.017  0.022
56235.23  12.979  0.022
56235.34  12.975  0.022
56236.17  12.929  0.025
56237.09  12.894  0.025
56241.37  13.024  0.026
56244.37  13.236  0.022
56246.37  13.503  0.022
56248.37  13.640  0.022
56249.38  13.665  0.022
56251.36  13.804  0.022
56252.34  13.902  0.027
56253.18  13.861  0.022
56254.17  13.899  0.022
56256.34  13.976  0.022
56258.09  13.911  0.026
56259.09  13.875  0.025
56264.09  13.525  0.022
56265.11  13.459  0.026
56266.12  13.381  0.026
56281.07  12.650  0.022
56284.09  12.911  0.022
56287.24  13.094  0.022
56293.11  13.437  0.026
56295.05  13.522  0.022
56296.13  13.595  0.026
56297.15  13.655  0.026
56298.03  13.598  0.022
56304.04  13.919  0.022
56318.08  14.767  0.022
56326.06  15.170  0.022
56327.04  15.222  0.022
56342.09  15.861  0.025
56343.10  15.905  0.034
56345.06  16.003  0.026
56346.04  16.023  0.027
56349.08  16.138  0.026
56352.06  16.215  0.025
56378.00  16.911  0.022
56382.02  17.003  0.023
56583.11  20.043  0.054
filter Jrc2
56234.21  12.953  0.020
56235.24  12.848  0.020
56236.18  12.799  0.020
56237.11  12.745  0.020
56253.20  13.807  0.020
56254.18  13.984  0.020
56258.10  14.521  0.020
56259.10  14.530  0.020
56264.10  14.459  0.020
56265.12  14.432  0.025
56266.12  14.393  0.025
56284.10  14.163  0.020
56287.25  14.438  0.025
56293.11  14.871  0.025
56295.07  15.017  0.020
56296.12  15.092  0.025
56297.16  15.148  0.025
56318.10  16.388  0.021
56326.08  16.859  0.021
56327.07  16.900  0.021
56342.11  17.587  0.025
56343.08  17.565  0.028
56345.09  17.693  0.039
56346.06  17.709  0.033
56349.07  17.741  0.031
56352.09  17.871  0.022
56378.02  18.591  0.044
56382.05  18.723  0.036
56583.18  18.799  0.038
56667.09  18.988  0.041
