SN2005cf 0.006461 230.384208 -7.413194
filter J2m
53522.24  14.709  0.023
53523.25  14.480  0.015
53524.24  14.239  0.028
53532.23  13.830  0.039
53534.23  14.025  0.044
53535.22  13.988  0.013
53536.21  14.068  0.014
53539.21  14.340  0.023
53551.16  15.343  0.025
53553.17  15.314  0.028
53554.17  15.306  0.023
53555.28  15.265  0.018
53556.17  15.231  0.023
53557.15  15.141  0.023
53558.15  15.155  0.036
53560.16  14.954  0.026
53563.15  14.805  0.024
filter Vk
53521.24  15.352  0.013
53522.24  15.011  0.014
53522.24  15.015  0.013
53523.26  14.721  0.017
53524.18  14.501  0.013
53525.18  14.289  0.015
53526.18  14.119  0.014
53527.19  13.973  0.016
53528.32  13.847  0.015
53530.17  13.708  0.019
53531.17  13.651  0.017
53534.23  13.577  0.020
53535.24  13.571  0.013
53536.19  13.578  0.010
53543.17  13.811  0.012
53543.19  13.818  0.013
53548.15  14.094  0.010
53549.21  14.164  0.013
53550.15  14.216  0.014
53557.17  14.602  0.015
filter Bk
53521.24  15.624  0.015
53522.24  15.173  0.016
53523.27  14.817  0.020
53524.19  14.551  0.013
53525.19  14.310  0.017
53526.19  14.130  0.017
53527.19  13.982  0.020
53528.33  13.866  0.015
53530.18  13.715  0.022
53531.18  13.670  0.017
53534.23  13.625  0.019
53535.24  13.639  0.015
53536.19  13.684  0.011
53543.18  14.153  0.012
53543.20  14.151  0.010
53548.16  14.619  0.014
53549.22  14.748  0.015
53550.16  14.850  0.016
53557.18  15.580  0.015
filter H2m
53522.24  14.679  0.019
53523.25  14.504  0.031
53524.24  14.306  0.031
53532.23  13.963  0.023
53534.23  14.036  0.036
53535.22  14.145  0.014
53536.21  14.160  0.034
53539.21  14.179  0.056
53551.16  13.995  0.064
53553.17  13.964  0.063
53554.17  14.082  0.033
53555.28  14.002  0.060
53556.17  14.064  0.017
53557.15  14.006  0.081
53558.15  14.004  0.089
53560.16  14.034  0.018
53563.15  14.095  0.021
filter ik
53521.24  15.817  0.011
53522.24  15.434  0.014
53523.26  15.036  0.034
53524.18  14.857  0.011
53525.18  14.631  0.016
53526.18  14.478  0.012
53527.19  14.342  0.016
53528.13  14.249  0.011
53530.17  14.191  0.017
53531.17  14.195  0.016
53534.23  14.262  0.016
53535.24  14.297  0.014
53536.19  14.332  0.006
53543.17  14.681  0.010
53543.19  14.682  0.012
53548.15  14.950  0.010
53549.21  14.960  0.011
53550.15  14.942  0.013
filter rk
53521.24  15.386  0.014
53522.24  15.043  0.014
53524.17  14.482  0.012
53525.18  14.271  0.017
53526.18  14.103  0.012
53527.18  13.963  0.017
53528.33  13.844  0.015
53530.17  13.722  0.017
53531.17  13.679  0.015
53534.23  13.614  0.017
53535.24  13.608  0.013
53536.19  13.620  0.009
53543.17  13.901  0.011
53543.19  13.913  0.012
53548.15  14.215  0.011
53549.21  14.261  0.012
53550.15  14.287  0.014
