SN2013dy 0.003889 334.573333 40.569333
filter Bkait
56484.42  16.760  0.040
56485.46  16.210  0.030
56486.45  15.770  0.070
56487.38  15.330  0.030
56488.40  14.880  0.030
56489.37  14.550  0.030
56490.43  14.240  0.020
56491.40  14.040  0.030
56492.39  13.860  0.030
56493.40  13.730  0.060
56494.41  13.610  0.030
56496.32  13.460  0.050
56497.41  13.370  0.030
56498.38  13.330  0.030
56499.38  13.330  0.070
56500.45  13.280  0.030
56501.39  13.300  0.030
56502.35  13.300  0.030
56503.30  13.330  0.030
56504.35  13.370  0.030
56505.34  13.400  0.030
56506.35  13.440  0.020
56507.33  13.500  0.040
56508.33  13.540  0.020
56509.34  13.590  0.030
56510.34  13.660  0.030
56511.31  13.730  0.030
56512.31  13.820  0.030
56513.32  13.900  0.030
56514.32  14.010  0.030
56516.33  14.190  0.030
56517.32  14.300  0.040
56518.36  14.390  0.030
56519.31  14.510  0.030
56520.34  14.600  0.030
56521.41  14.740  0.150
56522.33  14.800  0.030
56523.25  14.900  0.030
56524.31  14.960  0.070
56525.29  15.070  0.040
56527.35  15.240  0.040
56528.36  15.320  0.030
56529.33  15.400  0.030
56530.33  15.480  0.030
56531.32  15.540  0.030
56532.35  15.620  0.030
56533.30  15.670  0.030
56534.31  15.730  0.030
56535.28  15.800  0.030
56536.26  15.850  0.030
56539.28  16.010  0.030
56540.29  16.000  0.030
56541.26  16.040  0.040
56542.28  16.100  0.030
56543.26  16.130  0.030
56544.24  16.170  0.030
56545.26  16.200  0.040
56546.26  16.190  0.040
56548.24  16.240  0.030
56551.26  16.280  0.040
56553.24  16.380  0.060
56555.27  16.340  0.050
56558.23  16.410  0.040
56561.23  16.490  0.040
56563.22  16.450  0.030
56565.22  16.490  0.030
56567.23  16.540  0.060
56569.19  16.560  0.050
56571.20  16.580  0.040
56573.20  16.590  0.050
56575.21  16.680  0.050
56577.20  16.640  0.040
56579.18  16.690  0.050
56581.18  16.730  0.060
56583.19  16.790  0.070
56585.19  16.810  0.060
56587.18  16.820  0.040
56589.18  16.880  0.040
56592.16  16.910  0.050
56596.19  17.070  0.050
56598.14  17.000  0.040
56600.14  17.020  0.160
56602.13  17.040  0.040
56604.13  17.080  0.050
56606.13  17.140  0.050
56609.12  17.140  0.070
56614.14  17.190  0.090
56618.09  17.290  0.080
56639.13  17.670  0.020
56642.13  17.730  0.060
56647.10  17.840  0.140
56656.11  17.920  0.100
56665.11  18.130  0.130
56665.12  18.100  0.030
56667.15  18.130  0.100
56675.12  18.200  0.020
56676.10  18.290  0.250
56678.11  18.260  0.020
56789.46  20.210  0.280
56838.39  20.840  0.240
filter Rkait
56484.42  16.170  0.030
56485.46  15.600  0.030
56486.45  15.170  0.030
56487.38  14.740  0.020
56488.40  14.340  0.030
56489.37  14.020  0.030
56490.43  13.720  0.020
56491.40  13.530  0.030
56492.39  13.350  0.030
56493.40  13.220  0.030
56494.41  13.110  0.030
56496.32  12.980  0.020
56497.41  12.930  0.020
56498.38  12.900  0.020
56499.38  12.870  0.060
56500.45  12.830  0.030
56501.39  12.840  0.030
56502.35  12.830  0.030
56503.30  12.840  0.030
56504.35  12.840  0.030
56505.34  12.880  0.020
56506.35  12.900  0.020
56507.33  12.930  0.040
56508.33  12.990  0.020
56509.34  13.050  0.030
56510.34  13.110  0.030
56511.31  13.150  0.020
56512.31  13.260  0.030
56513.32  13.330  0.020
56514.32  13.390  0.030
56516.33  13.500  0.030
56517.32  13.540  0.030
56518.36  13.560  0.020
56519.31  13.600  0.020
56520.34  13.590  0.020
56521.41  13.600  0.060
56522.33  13.630  0.020
56523.25  13.640  0.020
56524.31  13.640  0.050
56525.29  13.680  0.030
56527.35  13.710  0.030
56528.36  13.720  0.030
56529.33  13.740  0.030
56530.33  13.780  0.020
56531.32  13.790  0.030
56532.35  13.840  0.020
56533.30  13.870  0.030
56534.31  13.930  0.020
56535.28  13.980  0.020
56536.26  14.020  0.020
56538.28  14.090  0.150
56539.28  14.210  0.030
56540.29  14.250  0.020
56541.26  14.340  0.030
56542.28  14.380  0.020
56543.26  14.430  0.020
56544.24  14.470  0.030
56545.26  14.540  0.020
56546.26  14.560  0.030
56548.24  14.640  0.020
56551.26  14.750  0.030
56553.24  14.840  0.020
56555.27  14.880  0.030
56558.23  14.980  0.020
56561.23  15.090  0.020
56563.22  15.140  0.030
56565.22  15.210  0.030
56567.23  15.280  0.030
56569.19  15.370  0.020
56571.20  15.390  0.030
56573.20  15.450  0.030
56575.21  15.520  0.020
56577.20  15.560  0.030
56579.18  15.630  0.030
56581.18  15.710  0.030
56583.19  15.750  0.030
56585.19  15.820  0.030
56587.18  15.880  0.030
56589.18  15.930  0.030
56592.16  16.010  0.030
56596.19  16.150  0.030
56598.14  16.190  0.030
56600.14  16.240  0.210
56602.13  16.320  0.030
56604.13  16.380  0.030
56606.13  16.430  0.040
56609.12  16.490  0.050
56614.14  16.610  0.050
56618.09  16.780  0.040
56639.13  17.330  0.020
56642.13  17.530  0.080
56644.10  17.460  0.130
56646.07  17.450  0.090
56647.10  17.650  0.110
56656.11  17.750  0.070
56665.11  17.920  0.130
56665.12  18.020  0.050
56675.12  18.150  0.030
56676.10  18.040  0.180
56678.11  18.240  0.030
56838.39  21.130  0.590
filter Vkait
56484.42  16.410  0.030
56485.46  15.840  0.030
56486.45  15.370  0.050
56487.38  14.960  0.020
56488.40  14.560  0.030
56489.37  14.240  0.030
56490.43  13.950  0.020
56491.40  13.740  0.020
56492.39  13.570  0.030
56493.40  13.420  0.040
56494.41  13.310  0.030
56496.32  13.150  0.030
56497.41  13.060  0.020
56498.38  13.030  0.020
56499.38  12.990  0.050
56500.45  12.960  0.030
56501.39  12.960  0.030
56502.35  12.960  0.030
56503.30  12.960  0.030
56504.35  12.980  0.030
56505.34  13.000  0.020
56506.35  13.030  0.020
56507.33  13.070  0.030
56508.33  13.090  0.020
56509.34  13.130  0.030
56510.34  13.180  0.020
56511.31  13.210  0.020
56512.31  13.300  0.020
56513.32  13.340  0.030
56514.32  13.420  0.030
56516.33  13.540  0.030
56517.32  13.600  0.030
56518.36  13.650  0.020
56519.31  13.720  0.030
56520.34  13.750  0.030
56521.41  13.800  0.110
56522.33  13.860  0.020
56523.25  13.890  0.020
56524.31  13.950  0.050
56525.29  13.990  0.030
56527.35  14.090  0.030
56528.36  14.120  0.020
56529.33  14.150  0.030
56530.33  14.220  0.020
56531.32  14.250  0.030
56532.35  14.310  0.020
56533.30  14.350  0.030
56534.31  14.410  0.020
56535.28  14.460  0.020
56536.26  14.500  0.020
56537.29  14.630  0.100
56538.28  14.760  0.120
56539.28  14.690  0.030
56540.29  14.700  0.020
56541.26  14.770  0.030
56542.28  14.830  0.020
56543.26  14.860  0.020
56544.24  14.900  0.030
56545.26  14.940  0.020
56546.26  14.970  0.020
56548.24  15.030  0.020
56551.26  15.130  0.030
56553.24  15.210  0.030
56555.27  15.230  0.030
56558.23  15.320  0.020
56561.23  15.410  0.020
56563.22  15.440  0.020
56565.22  15.500  0.030
56567.23  15.600  0.030
56569.19  15.610  0.030
56571.20  15.670  0.030
56573.20  15.700  0.030
56575.21  15.790  0.020
56577.20  15.810  0.030
56579.18  15.890  0.030
56581.18  15.930  0.030
56583.19  15.960  0.030
56585.19  16.000  0.030
56587.18  16.080  0.040
56589.18  16.110  0.030
56592.16  16.190  0.040
56596.19  16.280  0.030
56598.14  16.320  0.030
56600.14  16.400  0.120
56602.13  16.420  0.030
56604.13  16.490  0.030
56606.13  16.520  0.040
56609.12  16.560  0.040
56614.14  16.650  0.060
56618.09  16.780  0.040
56639.13  17.150  0.020
56642.13  17.240  0.030
56644.10  17.390  0.120
56646.07  17.350  0.100
56647.10  17.380  0.080
56656.11  17.580  0.070
56665.11  17.730  0.080
56665.12  17.650  0.040
56667.15  17.690  0.060
56675.12  17.770  0.020
56676.10  17.850  0.150
56678.11  17.820  0.020
56838.39  20.220  0.190
filter J2m
56491.30  13.520  0.050
56498.28  12.880  0.050
56503.30  13.110  0.050
56504.33  13.180  0.050
56505.45  13.280  0.050
56506.45  13.370  0.050
56508.32  13.640  0.050
56510.43  13.980  0.050
56511.35  14.140  0.050
56512.39  14.350  0.050
56516.26  14.750  0.050
56517.24  14.730  0.050
56519.47  14.710  0.050
56521.42  14.640  0.050
56522.30  14.620  0.050
56541.30  14.480  0.050
56552.30  15.260  0.050
filter H2m
56491.30  13.540  0.070
56498.28  13.000  0.070
56503.30  13.250  0.070
56504.33  13.240  0.070
56505.45  13.300  0.070
56506.45  13.290  0.070
56508.32  13.340  0.070
56510.43  13.370  0.070
56511.35  13.400  0.070
56512.39  13.420  0.050
56516.26  13.350  0.050
56517.24  13.330  0.050
56519.47  13.240  0.050
56521.42  13.180  0.050
56522.30  13.160  0.050
56541.30  13.360  0.050
56552.30  13.960  0.050
filter Y
56491.30  13.520  0.020
56498.28  13.030  0.020
56501.27  13.260  0.020
56503.30  13.470  0.020
56504.33  13.570  0.020
56505.45  13.660  0.020
56506.45  13.720  0.020
56508.32  13.820  0.020
56509.44  13.880  0.020
56510.43  13.910  0.020
56511.35  13.940  0.020
56512.39  13.940  0.020
56516.26  13.860  0.020
56517.24  13.810  0.020
56519.47  13.680  0.020
56521.42  13.540  0.020
56522.30  13.490  0.020
56541.30  12.990  0.020
56552.30  13.620  0.020
filter Ikait
56484.42  16.070  0.040
56485.46  15.460  0.030
56486.45  15.030  0.030
56487.38  14.620  0.020
56488.40  14.230  0.040
56489.37  13.910  0.040
56490.43  13.630  0.020
56491.40  13.440  0.040
56492.39  13.290  0.030
56493.40  13.170  0.040
56494.41  13.070  0.030
56496.32  12.970  0.020
56497.41  12.950  0.030
56498.38  12.960  0.020
56499.38  12.960  0.060
56500.45  12.970  0.030
56501.39  13.000  0.040
56502.35  13.020  0.030
56503.30  13.060  0.030
56504.35  13.090  0.030
56505.34  13.140  0.020
56506.35  13.190  0.020
56507.33  13.240  0.040
56508.33  13.300  0.030
56509.34  13.380  0.030
56510.34  13.430  0.030
56511.31  13.480  0.020
56512.31  13.590  0.030
56513.32  13.640  0.030
56514.32  13.690  0.040
56516.33  13.730  0.030
56517.32  13.720  0.030
56518.36  13.720  0.020
56519.31  13.720  0.020
56520.34  13.660  0.030
56521.41  13.620  0.080
56522.33  13.640  0.020
56523.25  13.620  0.020
56524.31  13.570  0.040
56525.29  13.580  0.030
56527.35  13.560  0.030
56528.36  13.540  0.030
56529.33  13.510  0.030
56530.33  13.520  0.030
56531.32  13.500  0.030
56532.35  13.510  0.020
56533.30  13.510  0.030
56534.31  13.550  0.020
56535.28  13.570  0.030
56536.26  13.580  0.030
56538.28  13.630  0.090
56539.28  13.790  0.030
56540.29  13.850  0.020
56541.26  13.930  0.030
56542.28  13.990  0.020
56543.26  14.040  0.030
56544.24  14.100  0.030
56545.26  14.180  0.020
56546.26  14.220  0.030
56548.24  14.330  0.020
56551.26  14.480  0.030
56553.24  14.600  0.030
56555.27  14.670  0.030
56558.23  14.820  0.030
56561.23  14.980  0.020
56563.22  15.040  0.030
56565.22  15.130  0.030
56567.23  15.230  0.040
56569.19  15.350  0.030
56571.20  15.400  0.030
56573.20  15.490  0.040
56575.21  15.600  0.030
56577.20  15.660  0.030
56579.18  15.730  0.030
56581.18  15.840  0.040
56583.19  15.890  0.040
56585.19  15.980  0.030
56587.18  16.050  0.040
56589.18  16.130  0.040
56592.16  16.240  0.030
56596.19  16.410  0.040
56598.14  16.480  0.040
56600.14  16.880  0.140
56602.13  16.570  0.040
56604.13  16.690  0.050
56606.13  16.730  0.050
56609.12  16.730  0.060
56614.14  16.880  0.100
56618.09  17.110  0.080
56639.13  17.470  0.040
56642.13  17.550  0.090
56656.11  18.000  0.130
56665.11  18.200  0.180
56665.12  17.970  0.090
56675.12  18.120  0.050
56676.10  18.430  0.370
56678.11  18.130  0.060
56838.39  20.030  0.280
