SN2011by 0.002843 178.939625 55.325556
filter Bkait
55678.20  14.758  0.031
55678.70  14.757  0.031
55679.30  14.352  0.030
55679.80  14.351  0.030
55681.31  13.784  0.031
55681.81  13.784  0.031
55682.32  13.581  0.033
55682.82  13.581  0.033
55683.31  13.400  0.031
55683.81  13.400  0.030
55684.29  13.260  0.030
55684.79  13.260  0.030
55685.30  13.132  0.031
55685.80  13.132  0.031
55687.32  12.976  0.031
55687.82  12.975  0.030
55688.30  12.950  0.031
55688.80  12.950  0.031
55691.27  12.885  0.031
55691.77  12.885  0.030
55693.28  12.917  0.030
55693.78  12.917  0.030
55700.25  13.410  0.032
55700.75  13.410  0.032
55703.19  13.699  0.031
55703.69  13.698  0.030
55706.19  14.046  0.031
55706.69  14.046  0.030
55709.23  14.421  0.031
55709.73  14.421  0.031
55712.19  14.790  0.031
55712.69  14.790  0.030
55715.22  15.102  0.031
55715.72  15.102  0.031
55719.25  15.485  0.031
55719.75  15.485  0.031
55722.20  15.645  0.032
55722.70  15.644  0.031
55725.20  15.800  0.031
55725.70  15.800  0.030
55728.20  15.936  0.036
55728.70  15.936  0.035
55731.20  16.028  0.031
55731.70  16.027  0.030
55735.20  16.121  0.034
55735.70  16.120  0.034
55738.20  16.183  0.033
55738.70  16.182  0.033
filter Rkait
55678.20  14.561  0.021
55678.70  14.561  0.021
55679.30  14.193  0.021
55679.80  14.193  0.020
55681.31  13.637  0.021
55681.81  13.636  0.020
55682.32  13.442  0.021
55682.82  13.442  0.020
55683.31  13.275  0.021
55683.81  13.274  0.020
55684.29  13.128  0.021
55684.79  13.127  0.020
55685.30  13.031  0.021
55685.80  13.030  0.020
55687.32  12.906  0.021
55687.82  12.906  0.020
55688.30  12.860  0.021
55688.80  12.860  0.020
55691.27  12.837  0.021
55691.77  12.836  0.020
55693.28  12.816  0.021
55693.78  12.816  0.020
55700.25  13.176  0.021
55700.75  13.175  0.020
55703.19  13.402  0.021
55703.69  13.402  0.020
55706.19  13.535  0.021
55706.69  13.535  0.020
55709.23  13.587  0.021
55709.73  13.587  0.020
55715.22  13.691  0.021
55715.72  13.690  0.020
55719.25  13.846  0.021
55719.75  13.845  0.020
55722.20  13.988  0.021
55722.70  13.987  0.020
55725.20  14.224  0.021
55725.70  14.223  0.020
55728.20  14.409  0.021
55728.70  14.409  0.020
55731.20  14.571  0.021
55731.70  14.570  0.020
55735.20  14.711  0.021
55735.70  14.711  0.020
55738.20  14.826  0.021
55738.70  14.826  0.020
filter Vkait
55678.20  14.723  0.021
55678.70  14.722  0.021
55679.30  14.391  0.021
55679.80  14.390  0.021
55681.31  13.863  0.021
55681.81  13.863  0.021
55682.32  13.657  0.021
55682.82  13.656  0.021
55683.31  13.485  0.021
55683.81  13.484  0.021
55684.29  13.327  0.021
55684.79  13.326  0.021
55685.30  13.232  0.021
55685.80  13.231  0.021
55687.32  13.055  0.021
55687.82  13.054  0.021
55688.30  12.987  0.021
55688.80  12.986  0.021
55691.27  12.922  0.021
55691.77  12.921  0.021
55693.28  12.929  0.021
55693.78  12.929  0.021
55700.25  13.133  0.021
55700.75  13.132  0.021
55703.19  13.327  0.021
55703.69  13.326  0.021
55706.19  13.520  0.024
55706.69  13.519  0.023
55709.23  13.701  0.021
55709.73  13.700  0.021
55712.19  13.808  0.022
55712.69  13.807  0.022
55715.22  14.019  0.021
55715.72  14.019  0.021
55719.25  14.245  0.021
55719.75  14.244  0.021
55722.20  14.415  0.021
55722.70  14.415  0.021
55725.20  14.617  0.021
55725.70  14.617  0.021
55728.20  14.768  0.021
55728.70  14.768  0.021
55731.20  14.908  0.021
55731.70  14.908  0.021
55735.20  15.040  0.021
55735.70  15.040  0.021
55738.20  15.108  0.021
55738.70  15.107  0.021
filter Ks2m
55679.18  14.440  0.170
55687.19  13.550  0.180
55688.19  13.700  0.250
55693.19  13.590  0.250
55695.18  13.600  0.250
55696.14  13.740  0.250
55699.19  13.910  0.180
55703.16  13.970  0.180
55707.17  14.010  0.180
55710.16  13.800  0.250
55712.16  14.170  0.250
55715.19  13.740  0.170
55734.20  14.400  0.250
filter J2m
55679.18  14.210  0.120
55680.19  14.030  0.120
55685.22  13.290  0.050
55686.22  13.260  0.130
55687.19  13.190  0.120
55688.19  13.170  0.140
55689.19  13.230  0.180
55690.17  13.270  0.110
55693.19  13.530  0.130
55694.19  13.700  0.130
55695.18  13.780  0.080
55696.14  13.820  0.140
55697.15  13.940  0.150
55698.16  14.190  0.090
55699.19  14.320  0.100
55702.17  14.800  0.120
55703.16  15.040  0.090
55705.14  15.130  0.150
55706.25  15.220  0.150
55707.17  15.100  0.140
55708.16  15.040  0.170
55709.16  15.060  0.150
55710.16  14.890  0.140
55711.17  14.930  0.040
55712.16  14.800  0.080
55715.19  14.640  0.080
55734.20  15.410  0.030
55735.19  15.430  0.020
filter H2m
55679.18  14.330  0.060
55680.19  14.140  0.040
55685.22  13.510  0.120
55686.22  13.480  0.150
55687.19  13.370  0.030
55688.19  13.450  0.090
55689.19  13.460  0.140
55690.17  13.670  0.180
55693.19  13.680  0.110
55694.19  13.720  0.120
55695.18  13.800  0.160
55696.14  13.780  0.070
55697.15  13.800  0.060
55698.16  13.830  0.250
55699.19  13.930  0.090
55702.17  13.920  0.120
55703.16  13.880  0.070
55705.14  13.710  0.070
55706.25  13.730  0.250
55707.17  13.610  0.170
55708.16  13.650  0.070
55709.16  13.590  0.250
55710.16  13.590  0.180
55711.17  13.560  0.080
55715.19  13.630  0.050
55734.20  14.420  0.060
55735.19  14.400  0.060
filter Ikait
55678.20  14.535  0.031
55678.70  14.535  0.030
55679.30  14.157  0.030
55679.80  14.156  0.030
55681.31  13.646  0.030
55681.81  13.645  0.030
55682.32  13.441  0.030
55682.82  13.441  0.030
55683.31  13.313  0.030
55683.81  13.312  0.030
55684.29  13.178  0.030
55684.79  13.177  0.030
55685.30  13.106  0.030
55685.80  13.106  0.030
55687.32  13.011  0.030
55687.82  13.011  0.030
55688.30  12.999  0.030
55688.80  12.999  0.030
55691.27  13.093  0.030
55691.77  13.093  0.030
55693.28  13.183  0.030
55693.78  13.183  0.030
55700.25  13.590  0.030
55700.75  13.590  0.030
55706.19  13.758  0.030
55706.69  13.757  0.030
55709.23  13.708  0.030
55709.73  13.707  0.030
55715.22  13.592  0.030
55715.72  13.592  0.030
55719.25  13.551  0.030
55719.75  13.551  0.030
55722.20  13.654  0.030
55722.70  13.653  0.030
55725.20  13.847  0.031
55725.70  13.847  0.030
55728.20  14.112  0.030
55728.70  14.111  0.030
55731.20  14.261  0.031
55731.70  14.261  0.030
55735.20  14.467  0.030
55735.70  14.467  0.030
55738.20  14.634  0.030
55738.70  14.633  0.030
