SN2009ig 0.008800 39.548388 -1.312644
filter Ks2m
55119.44  14.720  0.250
55126.29  15.100  0.170
55128.24  15.150  0.180
55130.39  15.160  0.180
55131.23  15.250  0.170
55133.22  15.330  0.180
55135.23  15.500  0.250
filter J2m
55119.44  15.340  0.180
55120.28  15.530  0.250
55122.27  15.640  0.170
55124.24  15.730  0.180
55126.29  15.790  0.170
55128.24  16.020  0.250
55131.23  16.060  0.170
55132.26  16.070  0.170
55133.22  16.290  0.170
55135.23  16.510  0.180
55137.23  16.530  0.180
filter Vk
55078.49  13.498  0.017
55079.48  13.468  0.022
55086.46  13.549  0.015
55087.44  13.595  0.022
55089.47  13.696  0.016
55092.43  13.878  0.016
55094.35  13.998  0.018
55098.33  14.186  0.020
55101.30  14.293  0.016
55102.27  14.339  0.015
55103.35  14.374  0.017
55104.38  14.402  0.015
55106.27  14.473  0.016
55115.48  15.034  0.015
55119.37  15.255  0.016
55122.40  15.382  0.015
55123.35  15.416  0.015
55127.30  15.547  0.017
55150.28  16.182  0.018
55151.32  16.273  0.035
55153.27  16.287  0.018
55158.30  16.419  0.021
55160.23  16.448  0.023
55176.26  16.817  0.021
55208.16  17.549  0.031
55242.11  18.184  0.054
filter Bk
55078.50  13.571  0.018
55079.49  13.575  0.018
55085.49  13.687  0.019
55089.47  13.942  0.016
55092.43  14.158  0.031
55094.35  14.339  0.019
55098.33  14.730  0.016
55101.30  15.027  0.016
55102.27  15.088  0.022
55103.35  15.201  0.020
55104.38  15.292  0.019
55106.27  15.459  0.026
55115.48  16.082  0.032
55119.37  16.220  0.026
55122.40  16.302  0.024
55123.35  16.315  0.025
55125.41  16.410  0.036
55127.31  16.398  0.022
55150.28  16.788  0.033
55151.33  16.862  0.041
55153.27  16.830  0.030
55158.30  16.912  0.031
55160.23  16.948  0.037
55176.26  17.203  0.037
55208.16  17.777  0.053
55242.11  18.362  0.070
filter H2m
55119.44  14.700  0.170
55120.28  14.850  0.170
55124.24  14.840  0.170
55126.29  15.050  0.170
55128.24  15.060  0.170
55131.23  15.200  0.180
55133.22  15.330  0.180
55135.23  15.420  0.170
55137.23  15.560  0.170
filter ik
55078.49  14.162  0.016
55079.48  14.194  0.020
55085.49  14.382  0.021
55086.46  14.427  0.024
55087.43  14.479  0.021
55088.35  14.570  0.024
55089.47  14.616  0.018
55092.43  14.902  0.022
55094.35  15.016  0.018
55098.32  15.069  0.020
55101.30  15.007  0.024
55102.27  14.970  0.019
55103.35  14.941  0.038
55104.38  14.916  0.029
55106.27  14.856  0.022
55115.48  14.942  0.019
55119.37  15.232  0.023
55122.39  15.416  0.022
55123.35  15.462  0.025
55125.40  15.664  0.046
55127.29  15.659  0.020
55150.27  16.549  0.024
55151.32  16.677  0.040
55153.26  16.687  0.030
55158.28  16.858  0.025
55176.26  17.434  0.032
55208.15  18.362  0.070
55242.10  19.256  0.186
filter uk
55089.47  14.707  0.025
55092.44  15.093  0.030
55094.35  15.377  0.033
55098.33  15.761  0.035
55101.30  16.121  0.044
55102.28  16.032  0.066
55103.36  16.289  0.084
55104.39  16.433  0.084
55115.50  17.116  0.102
55119.38  17.413  0.141
55122.40  17.690  0.120
55123.36  17.453  0.103
55127.31  17.760  0.090
55151.33  18.172  0.172
55153.28  18.084  0.291
55158.31  18.250  0.100
55160.24  18.326  0.147
55208.17  19.471  0.272
filter rk
55079.48  13.544  0.018
55085.49  13.614  0.016
55086.46  13.658  0.017
55087.44  13.703  0.016
55089.47  13.829  0.015
55092.43  14.043  0.016
55094.35  14.168  0.016
55098.32  14.301  0.017
55101.30  14.328  0.017
55102.27  14.338  0.018
55103.35  14.336  0.017
55104.38  14.332  0.016
55106.27  14.361  0.018
55115.48  14.781  0.016
55119.37  15.013  0.017
55122.39  15.161  0.017
55123.35  15.211  0.016
55125.40  15.363  0.038
55127.29  15.367  0.017
55150.28  16.116  0.017
55151.32  16.203  0.032
55153.27  16.206  0.017
55158.30  16.369  0.020
55160.23  16.447  0.023
55176.25  16.915  0.022
55208.16  17.798  0.035
55242.10  18.765  0.091
