SN2015F 0.004887 114.065667 -69.506389
filter Jrc2
57092.01  15.667  0.015
57093.05  15.140  0.014
57094.08  14.684  0.016
57095.09  14.334  0.013
57109.14  13.517  0.014
57111.19  13.692  0.016
57112.03  13.817  0.014
57113.03  13.957  0.014
57114.04  14.128  0.014
57115.00  14.299  0.015
57115.99  14.478  0.014
57117.00  14.611  0.014
57120.04  14.713  0.016
57141.04  14.736  0.014
57141.96  14.794  0.015
57143.96  14.998  0.015
57169.96  16.898  0.022
57170.96  16.927  0.028
57172.97  17.048  0.024
filter g
57092.06  16.671  0.009
57093.06  16.024  0.007
57094.03  15.511  0.008
57095.08  15.057  0.009
57096.03  14.728  0.009
57097.10  14.386  0.007
57098.06  14.167  0.007
57100.06  13.801  0.005
57101.04  13.642  0.005
57102.04  13.556  0.005
57103.16  13.448  0.005
57104.07  13.428  0.008
57111.03  13.442  0.010
57112.02  13.478  0.005
57112.98  13.542  0.005
57116.99  13.830  0.006
57118.98  14.027  0.006
57119.99  14.139  0.006
57121.00  14.237  0.006
57121.99  14.357  0.008
57123.01  14.467  0.008
57125.05  14.662  0.005
57126.07  14.761  0.005
57126.98  14.864  0.005
57129.07  15.046  0.006
57130.09  15.161  0.008
57131.10  15.229  0.007
57134.01  15.453  0.007
57135.01  15.540  0.010
57136.01  15.603  0.007
57137.01  15.664  0.008
57138.05  15.719  0.005
57139.01  15.777  0.007
57141.06  15.872  0.009
57143.06  15.960  0.007
57146.08  16.049  0.010
57148.04  16.107  0.007
57152.05  16.181  0.007
57154.03  16.228  0.008
57157.03  16.275  0.011
57159.04  16.319  0.009
57161.06  16.356  0.009
57163.03  16.391  0.009
57175.95  16.573  0.013
57177.95  16.616  0.009
57179.97  16.671  0.010
57181.97  16.689  0.010
filter i
57092.06  16.532  0.012
57093.06  15.893  0.008
57094.03  15.398  0.008
57095.08  14.962  0.013
57096.03  14.620  0.012
57097.11  14.342  0.012
57098.06  14.104  0.008
57099.04  13.931  0.012
57100.06  13.804  0.008
57101.05  13.681  0.005
57102.05  13.607  0.005
57103.16  13.579  0.005
57104.08  13.600  0.012
57110.00  13.752  0.007
57111.04  13.768  0.013
57112.02  13.800  0.006
57112.98  13.863  0.007
57116.99  14.099  0.007
57118.01  14.136  0.009
57118.99  14.159  0.007
57120.00  14.154  0.009
57121.00  14.128  0.006
57122.00  14.115  0.008
57123.01  14.096  0.010
57125.05  14.049  0.005
57126.98  14.052  0.006
57129.07  14.090  0.008
57130.10  14.117  0.012
57131.10  14.123  0.009
57134.01  14.207  0.005
57135.01  14.270  0.011
57136.01  14.346  0.008
57137.02  14.427  0.006
57138.05  14.500  0.005
57139.01  14.580  0.008
57141.06  14.738  0.011
57143.07  14.841  0.006
57146.08  15.000  0.007
57148.04  15.089  0.006
57152.05  15.254  0.008
57154.03  15.341  0.011
57157.03  15.501  0.013
57159.04  15.550  0.010
57161.06  15.622  0.010
57163.03  15.686  0.008
57175.95  16.125  0.013
57177.96  16.247  0.011
57179.98  16.270  0.011
57181.97  16.370  0.015
filter H
57092.00  15.481  0.018
57093.06  14.976  0.017
57094.07  14.546  0.019
57095.08  14.261  0.017
57109.14  13.602  0.017
57110.01  13.627  0.017
57111.18  13.626  0.019
57112.02  13.655  0.019
57113.02  13.696  0.017
57114.04  13.708  0.017
57114.99  13.723  0.018
57115.99  13.728  0.017
57116.99  13.725  0.017
57120.03  13.603  0.019
57141.03  13.979  0.018
57141.96  14.008  0.017
57143.96  14.121  0.017
57169.96  15.284  0.018
57170.96  15.343  0.019
57172.96  15.471  0.021
filter r
57092.05  16.198  0.010
57093.06  15.657  0.007
57094.03  15.208  0.008
57095.08  14.801  0.010
57096.03  14.488  0.010
57097.10  14.186  0.009
57098.06  13.956  0.008
57100.06  13.628  0.006
57101.04  13.484  0.005
57102.04  13.416  0.005
57103.16  13.325  0.005
57104.07  13.292  0.014
57110.00  13.208  0.005
57111.04  13.222  0.010
57112.02  13.250  0.005
57112.98  13.312  0.006
57116.99  13.554  0.006
57118.98  13.671  0.007
57120.00  13.718  0.010
57121.00  13.767  0.005
57122.00  13.801  0.008
57123.01  13.808  0.006
57125.05  13.853  0.005
57126.07  13.884  0.005
57126.98  13.916  0.005
57129.07  13.996  0.006
57130.09  14.048  0.009
57131.10  14.094  0.009
57134.01  14.269  0.006
57135.01  14.352  0.008
57136.01  14.436  0.008
57137.01  14.508  0.006
57138.05  14.594  0.005
57139.01  14.662  0.007
57141.06  14.791  0.009
57143.06  14.887  0.005
57146.08  15.022  0.006
57148.04  15.083  0.006
57152.05  15.226  0.006
57154.03  15.307  0.009
57157.03  15.374  0.010
57159.04  15.463  0.008
57161.06  15.560  0.009
57163.03  15.590  0.007
57175.95  15.996  0.011
57177.95  16.079  0.009
57179.97  16.147  0.009
57181.97  16.213  0.012
filter u
57092.06  18.366  0.028
57093.07  17.422  0.013
57094.03  16.677  0.011
57095.09  16.020  0.011
57096.03  15.522  0.010
57097.11  15.083  0.008
57098.06  14.774  0.008
57099.04  14.549  0.009
57100.06  14.364  0.006
57101.05  14.232  0.005
57102.06  14.145  0.005
57103.16  14.078  0.005
57104.08  14.071  0.009
57110.01  14.378  0.007
57111.03  14.509  0.009
57112.03  14.616  0.008
57112.99  14.739  0.009
57117.00  15.298  0.009
57118.01  15.432  0.009
57118.99  15.613  0.010
57120.00  15.795  0.010
57121.00  15.946  0.009
57122.00  16.100  0.011
57123.01  16.254  0.009
57125.06  16.515  0.015
57126.07  16.654  0.012
57126.98  16.741  0.012
57129.07  16.903  0.014
57130.10  16.998  0.015
57131.10  17.091  0.016
57134.01  17.264  0.018
57135.01  17.299  0.015
57136.01  17.348  0.016
57137.02  17.423  0.016
57138.05  17.484  0.020
57139.02  17.501  0.015
57141.06  17.584  0.019
57143.07  17.626  0.021
57146.08  17.766  0.035
57148.04  17.787  0.029
57152.06  17.938  0.015
57154.04  17.931  0.037
57157.03  18.047  0.020
57159.04  18.098  0.020
57161.07  18.102  0.021
57163.04  18.186  0.020
57175.95  18.449  0.038
57177.96  18.526  0.032
57179.98  18.648  0.052
57181.98  18.552  0.048
filter V
57092.06  16.365  0.013
57093.06  15.797  0.011
57094.03  15.339  0.009
57095.09  14.943  0.012
57096.02  14.624  0.009
57097.10  14.328  0.009
57098.06  14.101  0.012
57099.03  13.906  0.009
57100.07  13.778  0.008
57101.04  13.607  0.005
57102.05  13.505  0.005
57103.17  13.411  0.005
57104.08  13.404  0.010
57110.00  13.288  0.007
57111.02  13.324  0.008
57112.02  13.316  0.006
57112.99  13.368  0.008
57117.00  13.555  0.006
57118.02  13.644  0.008
57118.99  13.702  0.007
57119.99  13.789  0.008
57121.00  13.857  0.005
57121.99  13.920  0.009
57123.01  13.997  0.007
57125.05  14.118  0.005
57126.07  14.192  0.005
57126.99  14.253  0.005
57129.07  14.403  0.007
57130.10  14.497  0.009
57131.11  14.539  0.010
57134.02  14.731  0.006
57135.01  14.819  0.010
57136.01  14.874  0.008
57137.01  14.947  0.008
57138.06  15.014  0.005
57139.01  15.061  0.009
57141.06  15.224  0.014
57143.06  15.264  0.006
57146.09  15.385  0.010
57148.05  15.445  0.008
57152.06  15.526  0.008
57154.03  15.621  0.011
57157.04  15.678  0.012
57159.04  15.758  0.012
57161.07  15.791  0.011
57163.03  15.819  0.008
57175.95  16.126  0.013
57177.96  16.213  0.010
57179.97  16.232  0.011
57181.97  16.275  0.011
filter Y
57091.99  15.799  0.015
57093.06  15.254  0.014
57094.06  14.816  0.018
57095.07  14.479  0.014
57109.12  13.766  0.014
57111.17  13.854  0.017
57112.00  13.902  0.023
57113.00  13.958  0.021
57114.98  14.022  0.016
57115.97  14.013  0.014
57116.98  14.002  0.014
57120.02  13.895  0.016
57141.02  13.569  0.014
57141.95  13.622  0.017
57143.95  13.722  0.014
57169.94  15.163  0.014
57170.95  15.204  0.016
57172.95  15.334  0.014
filter B
57092.06  16.939  0.011
57093.06  16.253  0.009
57094.03  15.704  0.013
57095.09  15.209  0.013
57096.02  14.829  0.011
57097.10  14.510  0.010
57098.07  14.254  0.008
57099.03  14.076  0.012
57100.08  13.895  0.011
57101.04  13.739  0.006
57102.05  13.637  0.006
57104.08  13.540  0.012
57110.00  13.563  0.007
57111.02  13.614  0.009
57112.02  13.677  0.007
57112.99  13.764  0.007
57117.00  14.161  0.006
57118.02  14.282  0.009
57118.99  14.431  0.008
57119.99  14.562  0.010
57121.00  14.665  0.007
57121.99  14.807  0.009
57123.01  14.919  0.008
57125.05  15.155  0.006
57126.07  15.270  0.007
57126.99  15.367  0.008
57129.07  15.548  0.010
57130.10  15.643  0.011
57131.11  15.711  0.010
57134.02  15.951  0.008
57135.02  16.021  0.011
57136.01  16.078  0.009
57137.01  16.140  0.009
57138.06  16.196  0.009
57139.01  16.247  0.009
57141.05  16.342  0.011
57143.06  16.420  0.010
57146.09  16.501  0.012
57148.05  16.538  0.011
57152.06  16.630  0.017
57154.02  16.665  0.010
57157.04  16.719  0.009
57159.04  16.762  0.010
57161.07  16.804  0.012
57163.03  16.830  0.010
57175.94  17.006  0.026
57177.96  17.054  0.014
57179.97  17.058  0.015
57181.97  17.100  0.015
57249.41  18.144  0.029
